"ID","Type","Name","Documentation","Source","Target","Specialization"
"id-bdcc8fb4856b03a167081aaf3d33004d","AccessRelationship","","","id-32489dabe8bfad3b9498e7fc69447b35","id-135dbcf549a5aab8dc44d36e58e41a98",""
"id-12d67aabab5344792fcc8db81da1eef4","AccessRelationship","","","id-45e8e74aae26ca4b9db7db67830ef803","id-bedf0756d3ad605fe102903a211543a3",""
"id-2955c083ee86f2160e9e0b2a2e11b98a","AccessRelationship","","","id-2e17f51baba18b35c560eac73cc77369","id-5711f005084ef14373e5a3a0607b5cd0",""
"id-076216e0399009b7084fbe1606c73d6f","AccessRelationship","","","id-1a2fa8d8128e0752153a8907d308cfa6","id-838e455e786705d99a13d8d477150929",""
"id-880e2521ae60cc66875b9be42ebe717d","AccessRelationship","","","id-df78e8cf7f092236f8e81c6833d23d34","id-97bbbe75e3f3e9c1a77467ad0d534645",""
"id-417f090946c0c6943afc1c5d4c6ccf43","AccessRelationship","","","id-fe7beb847af0d49cb17c80aad098dcb8","id-e865669321cd12eb0ebf32d15e25e6e7",""
"id-9b541b8818c2b993700dad0e2b9df38b","AccessRelationship","","","id-4a607bf765c83c907dfff2b8dbfaa6d7","id-fd81e038c3e4b1cab081377ae87d83a1",""
"id-f68876ba3bde670197d0338866eec1b2","AccessRelationship","","","id-7bd1584974f01a8e1f6ddee0f0b72ad9","id-9ff9d025efa09582f96f2725c68f29e6",""
"id-bcf03c1881683436679b27e261d9991d","AccessRelationship","","alleen voor PO: ECK ID pas aanvragen bij inschrijving","id-18f0d75642754eb351922ebe853e6241","id-7c3e09b74558b42a2f0105ebf102fb3c",""
"id-039564b07501da48dfba88046d161ea2","AccessRelationship","","","id-ef98c02f9711c66e2f17171745adab88","id-58dfd7e7f4eccc3d2faea3b35fa7206c",""
"id-22064eeac2403d943d4d0bf548cc0a4f","AccessRelationship","","","id-3830a8fe9fe691988edfdf294fdefd8b","id-bcaf42951d75db117bc4df86be57dc06",""
"id-eb16433430e7c56b72c7eb482cc9fd46","AccessRelationship","","","id-b20c189c29ee96c25314d57345a4cce4","id-1f4c1b10300a7c1c84cb89cecbf35cf3",""
"id-5c6fb25263cd862218e963bd56666690","AccessRelationship","","","id-5ec32aaac768e69f7108a4b0bd736ba6","id-838e455e786705d99a13d8d477150929",""
"id-476c741243100e811bf980aedf5de0a9","AccessRelationship","","","id-a7893c04e8c2dafebf100fc3f2afb087","id-6d5fa924e13a21b7b8693efc69c8ff50",""
"id-f986f07d61bafc69ba59f3b1a73280eb","AccessRelationship","","","id-8997e1588838c8e3a6eda02f0879bd72","id-2e7062b4224dd607955a31cf597ba831",""
"id-1caa13819eae521ad69fd85e4f3806f5","AccessRelationship","","","id-644e585eea269f76806da611e54ab216","id-3bb6f5e6779971e3e1ab4629e2366b99",""
"id-994a5d88884637582bb5060584f65a6d","AccessRelationship","","","id-df78e8cf7f092236f8e81c6833d23d34","id-f7c05f02eafc1819ea8e3aa8669ecd44",""
"id-6eb8d73c2efbe9fd1fb05ee4a177045f","AccessRelationship","","","id-2e17f51baba18b35c560eac73cc77369","id-b3d25e24ab75c71fcef4d891590f5132",""
"id-7350955cefd3b66813c8597234e9bc99","AccessRelationship","","","id-93518217d3692f858783e9da31a9f821","id-ac37226839189355b49ee4cf4ea539b6",""
"id-7f6aadde650d42ec4aac177d31e2906f","AccessRelationship","","","id-06643b168f13130f44522b8e3f423388","id-6d5fa924e13a21b7b8693efc69c8ff50",""
"id-f810f237e7e7e2f0426041ace3550d22","AccessRelationship","","","id-215d5cfb46641cb5aa4eff6b7e10058c","id-04d19e22f51ad13a01a67e873b3db836",""
"id-27bee1058850a2b3c74565021faa891e","AccessRelationship","","","id-1a2fa8d8128e0752153a8907d308cfa6","id-47ff56c48257fc5b481a97b7a9040315",""
"id-4d21aff247c5683f40eca05fd978a40e","AccessRelationship","","","id-df78e8cf7f092236f8e81c6833d23d34","id-7c3e09b74558b42a2f0105ebf102fb3c",""
"id-49cd5bd1e72145c8f7013446fdfd092e","AccessRelationship","","","id-1a2fa8d8128e0752153a8907d308cfa6","id-e865669321cd12eb0ebf32d15e25e6e7",""
"id-ed0fdb69af7e094b190d9fd8a10f8354","AccessRelationship","","","id-95cc787b1669f66c5da87d40ffb3735f","id-4ccc6fdc8a1d7d3f8c223ab40ad6d80c",""
"id-08ea34246a0ea92a1fc9ebe2158068a1","AccessRelationship","","","id-f0f7e5d59bd3ff1e77e7ba050525d5a0","id-855e720f61ec12102f8b758654837fc1",""
"id-4f7ba8c03c037ac1c061c922d4fcd20a","AccessRelationship","","","id-95cc787b1669f66c5da87d40ffb3735f","id-35929d96552e52a798cb0170cf5ae74e",""
"id-ce98c79fcb86fc21314775b1fca1dc26","AccessRelationship","","","id-be66587bd1ade682bf7237a3d14d86b7","id-7b529a8de9596b493437e4762b7f9b1c",""
"id-9ab2fdf51da38b1c59941d71076302a9","AccessRelationship","","","id-f1257a155c987689772da06f8a549cd2","id-2f781558087db8a4ea8cdcdc96f7a422",""
"id-75cc908bf77a049282a20c7df402ccec","AccessRelationship","","","id-c46b32df19dd8cfb8c024d6b5e0289ca","id-afa9e214f1b6efb6da15cb460ed3374f",""
"id-645ed16622e9a812a0e0799f03c0c5ca","AccessRelationship","","","id-7bd1584974f01a8e1f6ddee0f0b72ad9","id-cdfb7d353e204fc5a9e63d34fa662404",""
"id-27aa545af5dc91a58b1be6abbf7827a5","AccessRelationship","","","id-1a2fa8d8128e0752153a8907d308cfa6","id-3c83159e38e529d08c9e409951eade09",""
"id-5a571b6dd7185a6ee89c42105b1e2c92","AccessRelationship","","","id-7bd1584974f01a8e1f6ddee0f0b72ad9","id-41a58766a6391f994e0e13da7b381abd",""
"id-239f25b4c15cd49e384c6e7d32fa0ad3","AccessRelationship","","","id-00a67382a08a3fa73cced17cd97b54c9","id-b09e367e83ea2bbfe340bdae5567a3ee",""
"id-597fab5761690450aa7a6b36d4d73c34","AccessRelationship","","","id-7aaca9f8e816eae193a731412ac5def0","id-9e886fc354299b7bfab29f6c757cee05",""
"id-8ab404a44323120bd7c65c465c66ea8f","AccessRelationship","","","id-18f0d75642754eb351922ebe853e6241","id-86281480f23e181909a56e544b2fc597",""
"id-de18758d7c6bb21dfbfc9631499b5e3a","AccessRelationship","","","id-d3ae9c322a7f06b72c00e8949bd4caa4","id-18deb8b4924e3426bef27f67b8e549fb",""
"id-0e878f5b1ff88c2c7468243d45b6e8d1","AccessRelationship","","","id-00a67382a08a3fa73cced17cd97b54c9","id-c57f077e0222db5c5713f1438fea228a",""
"id-7b70e7dd9d43085688a268a299fffc22","AccessRelationship","","","id-46f7892ded1e514e2a3a59cf702b6cc1","id-e7b1bfbe6ce4361b79664c61633d0352",""
"id-de2b75ecd8503cc5d7e5fea92f172462","AccessRelationship","","","id-df78e8cf7f092236f8e81c6833d23d34","id-82929c40f6db8940aa0584ae449f0631",""
"id-8f81ae38ffbfc903311693c12d4b38fc","AccessRelationship","","","id-b20c189c29ee96c25314d57345a4cce4","id-b08216d5809ce6dc5d1e88b1932df437",""
"id-400d5ee3b69a7895a277d97290a0bf0f","AccessRelationship","","","id-d2c26309368d9192ebf606d0e642a2b9","id-16b8e0e0b5d7f6881a85dd47976ccfe1",""
"id-658d694b86de90315be658d2cb26501a","AccessRelationship","","","id-d2c26309368d9192ebf606d0e642a2b9","id-58dfd7e7f4eccc3d2faea3b35fa7206c",""
"id-d587351c699867d319d80f0970f08a74","AccessRelationship","","","id-1a2fa8d8128e0752153a8907d308cfa6","id-43b9d9e9c6ad202b6b5433c79a866491",""
"id-3836f986f46e163506eeabc3b680ffea","AccessRelationship","","","id-18f0d75642754eb351922ebe853e6241","id-dfd6bb5efb42d255c8cd051dd3528732",""
"id-22806209c097c0bd71f9299b52f5c6ff","AccessRelationship","","","id-bc2506ce0f25164c1ac92c6f397d582b","id-7c3e09b74558b42a2f0105ebf102fb3c",""
"id-a658c9175e52935dd3fbf1bc846dcc3b","AccessRelationship","","","id-b8b81b18212ddd02afecfe10c2b1f773","id-3c83159e38e529d08c9e409951eade09",""
"id-025bc19db7c1002ce4dddc42e7ee81b1","AccessRelationship","","","id-06643b168f13130f44522b8e3f423388","id-9ebb702410fb17f8caf88d885e97c931",""
"id-ff7329cbfece5e74cc2df7930d017e63","AccessRelationship","","","id-2e17f51baba18b35c560eac73cc77369","id-f7c05f02eafc1819ea8e3aa8669ecd44",""
"id-e6c1a175a8bde4228a77aef78ac6c735","AccessRelationship","","","id-0a5bc760019f7c4cf23e5d599dcdb61c","id-58dfd7e7f4eccc3d2faea3b35fa7206c",""
"id-a844735f4c73b4bbe517a76d4dfd7594","AccessRelationship","","","id-86391f4e7ba2ad45a286e10d52bc7cf1","id-6d5fa924e13a21b7b8693efc69c8ff50",""
"id-4f7a4e8c97c1c0c1a46fdca2beb8685a","AccessRelationship","","","id-46fcf63fc28f5cdb1f3254d033a042cc","id-44c5a2c356ae428051d13a45698ae439",""
"id-bafd5f8e5eb48ba998ace490314b852b","AccessRelationship","","","id-b8b81b18212ddd02afecfe10c2b1f773","id-838e455e786705d99a13d8d477150929",""
"id-68a92000fb16ac05d629c425ecfb9b4c","AccessRelationship","","","id-b8b81b18212ddd02afecfe10c2b1f773","id-382ef61660c6101c195b9c59a2fc044f",""
"id-44709d58c473eba41d3630078457cdb9","AccessRelationship","","","id-bef97ac3e021dca1e737e2f3bae628cc","id-04d19e22f51ad13a01a67e873b3db836",""
"id-0e2b6bda0120676e23ee4d84cfb1dbe5","AccessRelationship","","","id-b8b81b18212ddd02afecfe10c2b1f773","id-04d19e22f51ad13a01a67e873b3db836",""
"id-15465bef8f381e4dc838cfe4728925b0","AccessRelationship","","","id-dce12943b414197c59b69ef01644c447","id-7ab2b7c1c17821e137f586d0977d8e94",""
"id-d64b6967023877f98e310bfc5480a39d","AccessRelationship","","","id-00a67382a08a3fa73cced17cd97b54c9","id-58dfd7e7f4eccc3d2faea3b35fa7206c",""
"id-60553a1ff357821f3726da848e06d552","AccessRelationship","","","id-a7893c04e8c2dafebf100fc3f2afb087","id-36566affb8b4e06865b5909227fa302a",""
"id-48e499130f91bf57b5d79d6e245fcadb","AccessRelationship","","","id-3e9ca2325491cee0141f19739bacbbfc","id-b550acbfade3b0db70967b2247171789",""
"id-20a3a73f9ef545e4c934fe0df42ddb1d","AccessRelationship","","","id-df78e8cf7f092236f8e81c6833d23d34","id-e6762a3c1b5cb338d01ae3660a6545f7",""
"id-aa2b6acd70be448890fe25577dcd8993","AccessRelationship","","","id-544d6fae3eb1e29a5e6da8a87baf2715","id-3c83159e38e529d08c9e409951eade09",""
"id-bbd0cf1898dcaf6053955e2833004c02","AccessRelationship","","","id-fe7beb847af0d49cb17c80aad098dcb8","id-b2df83979b0b941e2612d73ca5cf302a",""
"id-ab6e2ed757cfaecc766e311efc717d87","AccessRelationship","","","id-36a474c226a249122496d3af1eb767bf","id-ac37226839189355b49ee4cf4ea539b6",""
"id-d7cf5499d1228712480c91ddcc90c831","AccessRelationship","","","id-0a5bc760019f7c4cf23e5d599dcdb61c","id-04d19e22f51ad13a01a67e873b3db836",""
"id-3f8fb880fef8f50777f0b5dc772f76b3","AccessRelationship","","","id-dce12943b414197c59b69ef01644c447","id-c57f077e0222db5c5713f1438fea228a",""
"id-e68b7f385d15c5e66d342a84d193b3e1","AccessRelationship","","","id-96974ad18981e6e5ba6aa6854516e664","id-25cd1fd25178fd083ee9cbb271b26e77",""
"id-23c5d95c55bf07b6600cf7671f0cd4ad","AccessRelationship","","","id-be66587bd1ade682bf7237a3d14d86b7","id-e6399981fbf8017d99694d29697650d5",""
"id-18e20ab3d3a66a8dd38fd52f89642c16","AccessRelationship","","","id-fe7beb847af0d49cb17c80aad098dcb8","id-7c3e09b74558b42a2f0105ebf102fb3c",""
"id-b307cd6a1f593c96bca7700c66f50ddb","AccessRelationship","","","id-18f0d75642754eb351922ebe853e6241","id-0afdfc9e8539ec1c29cf3363a67d491f",""
"id-92d71834afbf9c42d27cda08a1d0bd44","AccessRelationship","","","id-bdc7521f018e0289d47b49bd858eadbd","id-d402949652c141107f463c70c31894d0",""
"id-7989f2a85869548a77df2612d29a5da1","AccessRelationship","","","id-18f0d75642754eb351922ebe853e6241","id-43b9d9e9c6ad202b6b5433c79a866491",""
"id-dc55c558cacef3b84f53ce6bf6415a2d","AccessRelationship","","","id-3830561200a795c62ade8ad3304b7e86","id-e6762a3c1b5cb338d01ae3660a6545f7",""
"id-453ef80bb4e1373c1b47bf32db422de3","AccessRelationship","","","id-c46b32df19dd8cfb8c024d6b5e0289ca","id-ac4fe31fb0d9963dae3b26b3150cccf8",""
"id-3d9595f7930e6fd2e0c64219b6f69f00","AccessRelationship","","","id-cbdb3b71ba06df87b711429ab338bb7f","id-23cb6ea5ec0899a231c4225004680f12",""
"id-3a8fc339879fef3ab4cdacfa72f9751d","AccessRelationship","","","id-b8b81b18212ddd02afecfe10c2b1f773","id-b09e367e83ea2bbfe340bdae5567a3ee",""
"id-d7fb6a1fd51b1d497a043abfb104aee5","AccessRelationship","","","id-1a2fa8d8128e0752153a8907d308cfa6","id-c57f077e0222db5c5713f1438fea228a",""
"id-329852f03f02cf5a09e6ded6e0163a53","AccessRelationship","","","id-946622591d626bd3eb06d41bf124ac70","id-8ee4f5e889d834448de6b6caee164b4f",""
"id-58890a22279062a13cb73e351eef22c8","AccessRelationship","","","id-0c639a999850337f99bedba4a377cbf0","id-2ce1eaba2a71c5335a4187ecd071df6d",""
"id-34b227001a99c2daadc46b1b7e861186","AccessRelationship","","","id-15999cf59def1af67130495900502068","id-7c3e09b74558b42a2f0105ebf102fb3c",""
"id-4e2f0a1f750cad55f328d640171bec3e","AccessRelationship","","","id-18f0d75642754eb351922ebe853e6241","id-c57f077e0222db5c5713f1438fea228a",""
"id-1a89e7a8e208a2ee435818e97c53c9f9","AccessRelationship","","","id-86391f4e7ba2ad45a286e10d52bc7cf1","id-9ebb702410fb17f8caf88d885e97c931",""
"id-c6a971f1db2569f8ebf02fc8072ac18c","AccessRelationship","","","id-18f0d75642754eb351922ebe853e6241","id-f7c05f02eafc1819ea8e3aa8669ecd44",""
"id-e62b83fa0d5498527773255319a8f2e4","AccessRelationship","","","id-1a2fa8d8128e0752153a8907d308cfa6","id-7efd78fd6f46d2fd4dd77dc3e34a6a2f",""
"id-7cac9a81dbf8d734a4fe5a7bd73f5d40","AccessRelationship","","","id-e542643abae0f7eaf2f19b0a1a255fa2","id-bcaf42951d75db117bc4df86be57dc06",""
"id-2ceb83941ebd9a1353942d4752741cfd","AccessRelationship","","","id-95cc787b1669f66c5da87d40ffb3735f","id-f4fbd64498e05ec6d51b0b5aedf88278",""
"id-091a206ffbc300d21c29079bcf1c0815","AccessRelationship","","","id-dce12943b414197c59b69ef01644c447","id-43b9d9e9c6ad202b6b5433c79a866491",""
"id-7b53a8c9e29c83235a8d4376b3ae06cc","AccessRelationship","","","id-d24d5937536ba7b4256d72462508265c","id-f5507a0947858be616831202e8e9e824",""
"id-ff2234ce7e93c91f956535c84620c5a9","AccessRelationship","","","id-215d5cfb46641cb5aa4eff6b7e10058c","id-7c3e09b74558b42a2f0105ebf102fb3c",""
"id-893b86ab87a5ab2a837a48c77423384a","AccessRelationship","","","id-b8b81b18212ddd02afecfe10c2b1f773","id-8c920668777ee778d6daadda861c7d94",""
"id-515f910296b176edba13418c39e9ff20","AccessRelationship","","","id-f5c3af3b9fe102cc3ea55db6725c5567","id-8c920668777ee778d6daadda861c7d94",""
"id-0f73addb815a75a419f4fc669c49f659","AccessRelationship","","","id-09932520e26b224b93b2baebc499eb28","id-59f17a931ba416d40e9709d8275b6a41",""
"id-0b4bf5daa3c234758d748e32dced2c3e","AccessRelationship","","","id-18f0d75642754eb351922ebe853e6241","id-3c83159e38e529d08c9e409951eade09",""
"id-411f043ea4ef013113b4b7b13a2d3f2f","AccessRelationship","","","id-7bd1584974f01a8e1f6ddee0f0b72ad9","id-c119a89dee07aaf22a8ac35c0710fbb9",""
"id-9d1e24abfc4f9769b6b86ba493e3f33f","AccessRelationship","","","id-b8debc9af89b06842030a79df4ceaff2","id-a6a885fa196c8959639427c1ea12cb34",""
"id-40e1d2841bc0b55fb925c605adbb5ed6","AccessRelationship","","","id-b337bc0611ba93b1e25ae8ef7ef717c8","id-b09e367e83ea2bbfe340bdae5567a3ee",""
"id-87acf43ff1e974e8489f292266279e23","AccessRelationship","","","id-3011f907bfdd11429b4409833f4f1a1a","id-293698296aa702c3e9e07c27713efd1c",""
"id-b0cf8e63647768bc591ede5f396ea64e","AccessRelationship","","","id-a86c81e4ed4639e48d6a5c41ae2f1331","id-9a78f5c3f1029c19e607c74515f3ea85",""
"id-d4f75f7fb34b02cbc490e836f49792b5","AccessRelationship","","","id-890e139f1fce38a59c6417b1ee4426ba","id-58dfd7e7f4eccc3d2faea3b35fa7206c",""
"id-b6c2a234a4d7315b572e53c9a147ba5b","AccessRelationship","","","id-18f0d75642754eb351922ebe853e6241","id-bf1303d035e86e9c711f274a43d4ddea",""
"id-1cd26f83aab6ef25dd13b665abd2c226","AccessRelationship","","","id-fe7beb847af0d49cb17c80aad098dcb8","id-382ef61660c6101c195b9c59a2fc044f",""
"id-bb32867d814c301e15598a7be2f34008","AccessRelationship","","","id-df78e8cf7f092236f8e81c6833d23d34","id-0c4c4b922ee08910c42585943a6e41c6",""
"id-6246963769c68d338b74d40551db13b4","AccessRelationship","","","id-e542643abae0f7eaf2f19b0a1a255fa2","id-f108818f91a0f639ce7cd950345aafe5",""
"id-1bf4f225db0c2473fb9d368271e926c8","AccessRelationship","","","id-0244688fcd6a2109a1eeabe964c2aabc","id-b08216d5809ce6dc5d1e88b1932df437",""
"id-ce4af46e7c92ef1d019b7f16cf15de84","AccessRelationship","","","id-df78e8cf7f092236f8e81c6833d23d34","id-8c920668777ee778d6daadda861c7d94",""
"id-38fde3ec64f4309e1d46e53c8f2c421e","AccessRelationship","","","id-2e17f51baba18b35c560eac73cc77369","id-7c3e09b74558b42a2f0105ebf102fb3c",""
"id-64f4fa459117ae3587b8a4d89a8c28c4","AccessRelationship","","","id-86391f4e7ba2ad45a286e10d52bc7cf1","id-7b529a8de9596b493437e4762b7f9b1c",""
"id-d8299417aad3e1e5c7aededc409727d1","AccessRelationship","","","id-0a5bc760019f7c4cf23e5d599dcdb61c","id-382ef61660c6101c195b9c59a2fc044f",""
"id-a5886ce2d45c64fc7aa4315fc7d0b66b","AccessRelationship","","","id-a7893c04e8c2dafebf100fc3f2afb087","id-b08216d5809ce6dc5d1e88b1932df437",""
"id-548f9089a172dc445bc279742eda401e","AccessRelationship","","","id-b337bc0611ba93b1e25ae8ef7ef717c8","id-7c3e09b74558b42a2f0105ebf102fb3c",""
"id-712a5a7dc9cd28dc636fdace377b0ba9","AccessRelationship","","","id-fe7beb847af0d49cb17c80aad098dcb8","id-838e455e786705d99a13d8d477150929",""
"id-75121b334647a29f7f8a6b0f592a8f7d","AccessRelationship","","","id-1a2fa8d8128e0752153a8907d308cfa6","id-382ef61660c6101c195b9c59a2fc044f",""
"id-784a769eccf83dd11b762441757c0200","AccessRelationship","","","id-544d6fae3eb1e29a5e6da8a87baf2715","id-58dfd7e7f4eccc3d2faea3b35fa7206c",""
"id-f097c9e24f4c6dd15c689098a629b311","AccessRelationship","","","id-18f0d75642754eb351922ebe853e6241","id-fbdbe7017f6ab499a61e6b9386bbf71b",""
"id-b298de0d036365d966bc1d720409d7ac","AccessRelationship","","","id-b8b81b18212ddd02afecfe10c2b1f773","id-43b9d9e9c6ad202b6b5433c79a866491",""
"id-f30a6874dbb03b38e782bdf91c2798c6","AccessRelationship","","","id-bef97ac3e021dca1e737e2f3bae628cc","id-8c920668777ee778d6daadda861c7d94",""
"id-39d3ae17197c3a95990ae4bb28058d77","AccessRelationship","","","id-fe7beb847af0d49cb17c80aad098dcb8","id-8c920668777ee778d6daadda861c7d94",""
"id-619c583633b0acbffb99f01613899dd5","AccessRelationship","","","id-e542643abae0f7eaf2f19b0a1a255fa2","id-cf92fcf8346ccb7098fc4d6ac23bf7e3",""
"id-e839e99458d16c4615bf29480dacbf36","AccessRelationship","","","id-2e17f51baba18b35c560eac73cc77369","id-3c83159e38e529d08c9e409951eade09",""
"id-489883c2236ecea077728e0e51e13dc4","AccessRelationship","","","id-d2c26309368d9192ebf606d0e642a2b9","id-04d19e22f51ad13a01a67e873b3db836",""
"id-a1ddae019238bc233f033e3f78d7d171","AccessRelationship","","","id-06643b168f13130f44522b8e3f423388","id-e94129eeb979711ee8eb588fced9e632",""
"id-73743714868b5d2e3dcc0dbfadb3a415","AccessRelationship","","","id-fe7beb847af0d49cb17c80aad098dcb8","id-58dfd7e7f4eccc3d2faea3b35fa7206c",""
"id-d446a8eb91adb0f50c08d17663e4badf","AccessRelationship","","","id-3f2e641b6a713210aa29070ea7643c94","id-9a78f5c3f1029c19e607c74515f3ea85",""
"id-a64f3be392d8941130d5ead1914fdf6c","AccessRelationship","","","id-e6a97427e032e2313684db6800e06a59","id-b2df83979b0b941e2612d73ca5cf302a",""
"id-04fbaa1d33d5ec82dbe049d1c3d7e042","AccessRelationship","","","id-f1257a155c987689772da06f8a549cd2","id-5117a2039725daa8fa0a430ed60f0360",""
"id-040c6f5b055a301c69726390daa8539b","AccessRelationship","","","id-dce12943b414197c59b69ef01644c447","id-dfd6bb5efb42d255c8cd051dd3528732",""
"id-7c1941b79dd47b5ec9b39862124909a2","AccessRelationship","","","id-f5c3af3b9fe102cc3ea55db6725c5567","id-838e455e786705d99a13d8d477150929",""
"id-6b1fc2b2722cc11ee83db1fdc80deacd","AccessRelationship","","","id-0a5bc760019f7c4cf23e5d599dcdb61c","id-45d5d4dc777a7d3eb82c7682d089da90",""
"id-3b844642a203a6a31980e821c53eb23a","AccessRelationship","","","id-95cc787b1669f66c5da87d40ffb3735f","id-5fab6c1472d93288fbc257ebfcc5ac37",""
"id-0c581fe8bf217eae96c3c423e7d8146e","AccessRelationship","","","id-1a2fa8d8128e0752153a8907d308cfa6","id-58dfd7e7f4eccc3d2faea3b35fa7206c",""
"id-bceb1227a3b311509b9b1c6c4486bd85","AccessRelationship","","","id-2e17f51baba18b35c560eac73cc77369","id-fb6170bfb725d429218a13ec02521f95",""
"id-ea2845856cc491d7bcb3986fb6845582","AccessRelationship","","","id-0a5bc760019f7c4cf23e5d599dcdb61c","id-16b8e0e0b5d7f6881a85dd47976ccfe1",""
"id-9c4ac1fdf2abe84752b9242830aa118a","AccessRelationship","","","id-544d6fae3eb1e29a5e6da8a87baf2715","id-8c920668777ee778d6daadda861c7d94",""
"id-6dab39f7ac51ac27424cc674a286b648","AccessRelationship","","","id-2e17f51baba18b35c560eac73cc77369","id-7efd78fd6f46d2fd4dd77dc3e34a6a2f",""
"id-0f63809498b878f2d83a7c5c892b0216","AccessRelationship","","","id-dce12943b414197c59b69ef01644c447","id-7efd78fd6f46d2fd4dd77dc3e34a6a2f",""
"id-a26d6a0006df75887233e982caf3a1c9","AccessRelationship","","","id-942dad2dad3d1904bbb8dac29b9e002d","id-ac37226839189355b49ee4cf4ea539b6",""
"id-8255ad00815cb34f25205070b72bc74b","AccessRelationship","","","id-215d5cfb46641cb5aa4eff6b7e10058c","id-16b8e0e0b5d7f6881a85dd47976ccfe1",""
"id-04af7d624c02f976c040318094784c3c","AccessRelationship","","","id-fe7beb847af0d49cb17c80aad098dcb8","id-16b8e0e0b5d7f6881a85dd47976ccfe1",""
"id-688a4856cebacfeb37bac7ddc8716f75","AccessRelationship","","","id-df78e8cf7f092236f8e81c6833d23d34","id-b3d25e24ab75c71fcef4d891590f5132",""
"id-8f8777e8336c132fe5261ca58ef0c53b","AccessRelationship","","","id-bef97ac3e021dca1e737e2f3bae628cc","id-dfd6bb5efb42d255c8cd051dd3528732",""
"id-3677526c4ed10eb6ea18d49b1a6f5730","AccessRelationship","","","id-46f7892ded1e514e2a3a59cf702b6cc1","id-b09e367e83ea2bbfe340bdae5567a3ee",""
"id-fa4bfe0fa7700af3af689bb12e3149fc","AccessRelationship","","","id-df78e8cf7f092236f8e81c6833d23d34","id-fb6170bfb725d429218a13ec02521f95",""
"id-f6d5e93a7e3c4a1d397c3a1007e5f195","AccessRelationship","","","id-fe7beb847af0d49cb17c80aad098dcb8","id-7efd78fd6f46d2fd4dd77dc3e34a6a2f",""
"id-8592c46ae6770ad1fe69cc020177d37f","AccessRelationship","","","id-b337bc0611ba93b1e25ae8ef7ef717c8","id-58dfd7e7f4eccc3d2faea3b35fa7206c",""
"id-4c036e29877ae50baf207ef350508c68","AccessRelationship","","","id-df78e8cf7f092236f8e81c6833d23d34","id-bf1303d035e86e9c711f274a43d4ddea",""
"id-ecbc3cd8e090b4bc8922ff05468a8288","AccessRelationship","","","id-2e17f51baba18b35c560eac73cc77369","id-0c4c4b922ee08910c42585943a6e41c6",""
"id-58afd132eb604e1e2d363fe583d6fd4e","AccessRelationship","","","id-0a5bc760019f7c4cf23e5d599dcdb61c","id-b2df83979b0b941e2612d73ca5cf302a",""
"id-2ca5aad06dae00fc6093fdf2bb61745b","AccessRelationship","","","id-d4e74ad5971cb2b65da53591c06e60a9","id-04d19e22f51ad13a01a67e873b3db836",""
"id-5e573cbc912d84d1530ef2d14d8c6f61","AccessRelationship","","","id-544d6fae3eb1e29a5e6da8a87baf2715","id-04d19e22f51ad13a01a67e873b3db836",""
"id-3fd1f6430a905ab2223b5e78bb23f72a","AccessRelationship","","","id-18f0d75642754eb351922ebe853e6241","id-382ef61660c6101c195b9c59a2fc044f",""
"id-a8edd170c108193d365283661c73adfb","AccessRelationship","","","id-80835b7dffa7270bbdf9d130a6914bc4","id-35929d96552e52a798cb0170cf5ae74e",""
"id-1cc7971bd44c4803a524441586b84355","AccessRelationship","","","id-a7893c04e8c2dafebf100fc3f2afb087","id-7b529a8de9596b493437e4762b7f9b1c",""
"id-04bfe8f274170d8f27df64a754f13ab8","AccessRelationship","","","id-4a607bf765c83c907dfff2b8dbfaa6d7","id-2f781558087db8a4ea8cdcdc96f7a422",""
"id-0582f056c6bceef74c2936ae82229c45","AccessRelationship","","","id-fe0c862b2d0d3f0e792c35a912a2603d","id-487a9ec49a3f210a7fb14885b2c22670",""
"id-aa296fe421902b31a87f4e2091b5e73c","AccessRelationship","","","id-5ec32aaac768e69f7108a4b0bd736ba6","id-3c83159e38e529d08c9e409951eade09",""
"id-860741775c987feaad4b78b2b06fdc15","AccessRelationship","","","id-cbdb3b71ba06df87b711429ab338bb7f","id-3940638b48d774f8ff42b45dc9c0c3cf",""
"id-000f6319c3234ac38ef8f0826a5b605d","AccessRelationship","","","id-0a5bc760019f7c4cf23e5d599dcdb61c","id-e7b1bfbe6ce4361b79664c61633d0352",""
"id-4fd05ec5c8164fbf38fa7d94e5794314","AccessRelationship","","","id-df78e8cf7f092236f8e81c6833d23d34","id-dc8cc618cb61046ba92bb3c3cba3095d",""
"id-d1be9e07d9c8e7e31d010d140b46ebbc","AccessRelationship","","","id-5ec32aaac768e69f7108a4b0bd736ba6","id-8c920668777ee778d6daadda861c7d94",""
"id-df9ff223392ad6c01caa0d88c48a24d2","AccessRelationship","","","id-1a2fa8d8128e0752153a8907d308cfa6","id-b09e367e83ea2bbfe340bdae5567a3ee",""
"id-e4b38ceadb2c11ca323877bad57cff7a","AccessRelationship","","","id-a14aa99958ceeac92d2dcf14d35f7006","id-8a7705ad3e4f747c53707ec5e89fd350",""
"id-aec441d65d4f27b759b0903509ed48be","AccessRelationship","","","id-3e9ca2325491cee0141f19739bacbbfc","id-59a311062d582ee41cad363f14a3c938",""
"id-920a6cd90031521cfe091ebc647dea58","AccessRelationship","","","id-b8b81b18212ddd02afecfe10c2b1f773","id-c57f077e0222db5c5713f1438fea228a",""
"id-b76066fd57715c7f49a7860e12620312","AccessRelationship","","","id-06643b168f13130f44522b8e3f423388","id-be468c8e0bc5d035bf69f86e948bac43",""
"id-0229d1b12faa57d0fcadea7aa60d85ae","AccessRelationship","","","id-df78e8cf7f092236f8e81c6833d23d34","id-16b8e0e0b5d7f6881a85dd47976ccfe1",""
"id-33565bf3769c8e0e1d399692d8e6aaf8","AccessRelationship","","","id-2e17f51baba18b35c560eac73cc77369","id-86281480f23e181909a56e544b2fc597",""
"id-2bd0dafeb9a999a696b9aec81c18e996","AccessRelationship","","","id-45e8e74aae26ca4b9db7db67830ef803","id-1817c6e22082649dddf2abd6ce1c3ab1",""
"id-50c5b965112e5d1942552fcfc3a610e5","AccessRelationship","","","id-544d6fae3eb1e29a5e6da8a87baf2715","id-43b9d9e9c6ad202b6b5433c79a866491",""
"id-24b24f806d2d1ef5ad38513da54b0b2a","AccessRelationship","","","id-18f0d75642754eb351922ebe853e6241","id-e865669321cd12eb0ebf32d15e25e6e7",""
"id-6a8d413dc4b49a482ff416dd77c5c4b0","AccessRelationship","","","id-65bbbff289312b2cd72bb6d3303230e8","id-838e455e786705d99a13d8d477150929",""
"id-7462caac714f6f7d9f91e9fb3b923d92","AccessRelationship","","","id-bc2506ce0f25164c1ac92c6f397d582b","id-8c920668777ee778d6daadda861c7d94",""
"id-c9fa126f576a87a7c5f8bb4cb0aaf0c6","AccessRelationship","","","id-dce12943b414197c59b69ef01644c447","id-3c83159e38e529d08c9e409951eade09",""
"id-c5e07354c21dd23307200d03e6aa67a5","AccessRelationship","","","id-dce12943b414197c59b69ef01644c447","id-382ef61660c6101c195b9c59a2fc044f",""
"id-31b49d070ea6dc52e6fa5ab1f7aab8c6","AccessRelationship","","","id-7bd1584974f01a8e1f6ddee0f0b72ad9","id-582c7188e90454a975556273f70b3701",""
"id-2ec78033be93cf79827a544cb78e4098","AccessRelationship","","","id-0244688fcd6a2109a1eeabe964c2aabc","id-3e7f23c6b044b054b142fe45cd0f24a0",""
"id-1c9d2cd93c2d9be53120feba3b6fa6ce","AccessRelationship","","","id-2e17f51baba18b35c560eac73cc77369","id-97bbbe75e3f3e9c1a77467ad0d534645",""
"id-7c50478d4b53e2639adde431b805d419","AccessRelationship","","","id-d24d5937536ba7b4256d72462508265c","id-293698296aa702c3e9e07c27713efd1c",""
"id-c4dfeb45e10e0a801e6e64457917d504","AccessRelationship","","","id-7bd1584974f01a8e1f6ddee0f0b72ad9","id-c7dd24b7ff98b57dfd53cbdb73bda5c9",""
"id-e96329329ed091f936e9e9606e0b85d3","AccessRelationship","","","id-df78e8cf7f092236f8e81c6833d23d34","id-382ef61660c6101c195b9c59a2fc044f",""
"id-26492e121273426393bc240020e15d88","AccessRelationship","","","id-a3d9284b5687be2c3ee370ff47d9a727","id-3e1feb220c578f7e95c64f3d7b7af690",""
"id-ff403f2b1d103d3bfb895d750b9962fe","AccessRelationship","","","id-9dae38896bda458414c61e5cb856fa49","id-7b529a8de9596b493437e4762b7f9b1c",""
"id-d20aac13893b166f2d3d0701b9f7104a","AccessRelationship","","","id-544d6fae3eb1e29a5e6da8a87baf2715","id-dfd6bb5efb42d255c8cd051dd3528732",""
"id-786253b49cb28379e169be7ea901ef77","AccessRelationship","","","id-f1257a155c987689772da06f8a549cd2","id-cc6c657a54562cfcd519f7bf1b6436ef",""
"id-8e49fc7bd7560752e69e3945fe5d06ce","AccessRelationship","","","id-ef98c02f9711c66e2f17171745adab88","id-16b8e0e0b5d7f6881a85dd47976ccfe1",""
"id-5e9dfe7c7413f07f75f380bc248f7239","AccessRelationship","","","id-2e17f51baba18b35c560eac73cc77369","id-dc8cc618cb61046ba92bb3c3cba3095d",""
"id-c163f75204e4a90b595f7cc4f4312625","AccessRelationship","","","id-fe7beb847af0d49cb17c80aad098dcb8","id-97bbbe75e3f3e9c1a77467ad0d534645",""
"id-6b0268702e6d6269f39f97faa429e003","AccessRelationship","","","id-3830561200a795c62ade8ad3304b7e86","id-c57f077e0222db5c5713f1438fea228a",""
"id-911678deb0a37c23baebefce60db8137","AccessRelationship","","","id-b8b81b18212ddd02afecfe10c2b1f773","id-97bbbe75e3f3e9c1a77467ad0d534645",""
"id-5a9ea4ca1786ea962c1f04eb4ea96dcf","AccessRelationship","","","id-18f0d75642754eb351922ebe853e6241","id-dc8cc618cb61046ba92bb3c3cba3095d",""
"id-74e642c52647688a73d136be998e5f7b","AccessRelationship","","","id-b8b81b18212ddd02afecfe10c2b1f773","id-7c3e09b74558b42a2f0105ebf102fb3c",""
"id-2b9af8c0086e206ba0ad58f3015f9037","AccessRelationship","","","id-9dae38896bda458414c61e5cb856fa49","id-3e7f23c6b044b054b142fe45cd0f24a0",""
"id-976d51ced1bbcf4dbfef3e47b7514725","AccessRelationship","","","id-c46b32df19dd8cfb8c024d6b5e0289ca","id-8b1442fdc3b7a56914f6ca086da527a2",""
"id-25384919edda191f129850c3838fa6bf","AccessRelationship","","","id-0a5bc760019f7c4cf23e5d599dcdb61c","id-659cc59d1123679700195c57ae14e4f3",""
"id-312de291bfbf89cc33120ae69c396d67","AccessRelationship","","","id-2e17f51baba18b35c560eac73cc77369","id-bf1303d035e86e9c711f274a43d4ddea",""
"id-611ed47978cd5481ebab26909b088f03","AccessRelationship","","","id-18f0d75642754eb351922ebe853e6241","id-fb6170bfb725d429218a13ec02521f95",""
"id-a21b66a458d31546223ae744f5726792","AccessRelationship","","","id-5ec32aaac768e69f7108a4b0bd736ba6","id-16b8e0e0b5d7f6881a85dd47976ccfe1",""
"id-15436e651a42621655eded4df4fcbdad","AccessRelationship","","","id-dce12943b414197c59b69ef01644c447","id-04d19e22f51ad13a01a67e873b3db836",""
"id-3eb2d022b0938a64da5108f078317c33","AccessRelationship","","","id-b8b81b18212ddd02afecfe10c2b1f773","id-7ab2b7c1c17821e137f586d0977d8e94",""
"id-9abfcd41aca9fa356f8c929bda2a9a94","AccessRelationship","","","id-2ef562c6cb0ee9727ff3a7e342ca32f3","id-edd8952e22b285cb01503d071389e9f5",""
"id-7e25290ca9511fa946246548e07adc40","AccessRelationship","","","id-fe7beb847af0d49cb17c80aad098dcb8","id-43b9d9e9c6ad202b6b5433c79a866491",""
"id-83037e5854559664abc1b198fbc8d253","AccessRelationship","","","id-18f0d75642754eb351922ebe853e6241","id-16b8e0e0b5d7f6881a85dd47976ccfe1",""
"id-88c95d992a6d8cb21304f576583f30e1","AccessRelationship","","","id-e542643abae0f7eaf2f19b0a1a255fa2","id-4b0c5b07856dc262b1f66f48b0de4382",""
"id-a2acc1eb44a67343e66b516ce88f26ae","AccessRelationship","","","id-0a5bc760019f7c4cf23e5d599dcdb61c","id-8c920668777ee778d6daadda861c7d94",""
"id-ce9d3b5529b8c65b8c100865913fff4f","AccessRelationship","","","id-5ec32aaac768e69f7108a4b0bd736ba6","id-04d19e22f51ad13a01a67e873b3db836",""
"id-895675eae331e78d800098db5a9bc797","AccessRelationship","","","id-d5784c897e33ccbb677e2a44c31b81ff","id-2e5b0e9bb32d1573658ad8e87361c782",""
"id-fa4df70b55aa85c6b526d5cfe5fc89f8","AccessRelationship","","","id-5ec32aaac768e69f7108a4b0bd736ba6","id-e6762a3c1b5cb338d01ae3660a6545f7",""
"id-0e9d10ce85ac30766ffa1f6869c40d7c","AccessRelationship","","","id-18f0d75642754eb351922ebe853e6241","id-b3d25e24ab75c71fcef4d891590f5132",""
"id-17fc8b3e12a648163627e4be06fb02b5","AccessRelationship","","","id-b8b81b18212ddd02afecfe10c2b1f773","id-e865669321cd12eb0ebf32d15e25e6e7",""
"id-fee8ca006af8e092b5f14b902ad307d0","AccessRelationship","","","id-fe7beb847af0d49cb17c80aad098dcb8","id-b09e367e83ea2bbfe340bdae5567a3ee",""
"id-05bc30b19d8ad411bf999977e4a9b614","AccessRelationship","","","id-2e17f51baba18b35c560eac73cc77369","id-e865669321cd12eb0ebf32d15e25e6e7",""
"id-92de247fec278534e0e6ad711d08a0b7","AccessRelationship","","","id-df78e8cf7f092236f8e81c6833d23d34","id-86281480f23e181909a56e544b2fc597",""
"id-20aa1e41710a53803035db3fa43829b2","AccessRelationship","","","id-b8b81b18212ddd02afecfe10c2b1f773","id-58dfd7e7f4eccc3d2faea3b35fa7206c",""
"id-0b41aee5cf0435939f1e7feb9cad2f72","AccessRelationship","","","id-2e17f51baba18b35c560eac73cc77369","id-dfd6bb5efb42d255c8cd051dd3528732",""
"id-5da53ef699fef0bfb0e4731102e39776","AccessRelationship","","","id-5ec32aaac768e69f7108a4b0bd736ba6","id-c57f077e0222db5c5713f1438fea228a",""
"id-0a3e3bfb8b91b257a708bf2261d7b2c0","AccessRelationship","","","id-46f7892ded1e514e2a3a59cf702b6cc1","id-58dfd7e7f4eccc3d2faea3b35fa7206c",""
"id-5f55f90437f4b5deb10270aca52ae66b","AccessRelationship","","","id-06360cb64686bb9edbe7558014c784c2","id-a6a885fa196c8959639427c1ea12cb34",""
"id-f6287b14c960cd8f4f2e95dd815f095e","AccessRelationship","","","id-3011f907bfdd11429b4409833f4f1a1a","id-f5507a0947858be616831202e8e9e824",""
"id-6ae747e4b72dcd2e84a9ef4edefc3962","AccessRelationship","","","id-18f0d75642754eb351922ebe853e6241","id-97bbbe75e3f3e9c1a77467ad0d534645",""
"id-e763767962d1d7748cd32c312b0cf653","AccessRelationship","","","id-d6d70590963ef3752048f14bb389a69a","id-58dfd7e7f4eccc3d2faea3b35fa7206c",""
"id-1baae82f7526f35866973645e0291d99","AccessRelationship","","","id-a86c81e4ed4639e48d6a5c41ae2f1331","id-a6a885fa196c8959639427c1ea12cb34",""
"id-22d9621c5ce305f6db00f1917a1855d8","AccessRelationship","","","id-8997e1588838c8e3a6eda02f0879bd72","id-3070449404d2f6b17bb3b8dc03dae827",""
"id-65c82c4f8326557441aad42eae0fc924","AccessRelationship","","","id-15a0d6bec80fc381e2340be1fb982c99","id-77dc8c8132a150009124d77450a21bb4",""
"id-2e7a77a21370722eb9b46670dd310345","AccessRelationship","","","id-0a5bc760019f7c4cf23e5d599dcdb61c","id-838e455e786705d99a13d8d477150929",""
"id-d0707433494a210e64ffde6cb011e057","AccessRelationship","","","id-3830a8fe9fe691988edfdf294fdefd8b","id-f108818f91a0f639ce7cd950345aafe5",""
"id-8ca48c1930839d1b139ca08d77e8cb22","AccessRelationship","","","id-5763dca7ea3427a38f3ee86155c6d3b1","id-b918691d42330697dcfcd3132f5651b0",""
"id-f97b2be5ad35296320d8e1b6530adb8e","AccessRelationship","","","id-dce12943b414197c59b69ef01644c447","id-16b8e0e0b5d7f6881a85dd47976ccfe1",""
"id-a676feae750516f7fc538f851bbdc4a6","AccessRelationship","","","id-18f0d75642754eb351922ebe853e6241","id-7efd78fd6f46d2fd4dd77dc3e34a6a2f",""
"id-675b67030c4658345691ef815297cf59","AccessRelationship","","","id-dce12943b414197c59b69ef01644c447","id-e6762a3c1b5cb338d01ae3660a6545f7",""
"id-4e745a6fa36f15e4a59f16100c991c65","AccessRelationship","","","id-5ec32aaac768e69f7108a4b0bd736ba6","id-b09e367e83ea2bbfe340bdae5567a3ee",""
"id-e1214ed75d1113e52f58cfd0fa09bb56","AccessRelationship","","","id-65bbbff289312b2cd72bb6d3303230e8","id-c57f077e0222db5c5713f1438fea228a",""
"id-1fad807d8810d5faff60b58e913ecb65","AccessRelationship","","","id-dce12943b414197c59b69ef01644c447","id-c30e05485c72ec3386f686e4962fe1cc",""
"id-d2584540c73981d0708de0e6bab3b13a","AccessRelationship","","","id-df78e8cf7f092236f8e81c6833d23d34","id-5711f005084ef14373e5a3a0607b5cd0",""
"id-48f88ac01fed7c19a188ab5e9308cd9d","AccessRelationship","","","id-18f0d75642754eb351922ebe853e6241","id-82929c40f6db8940aa0584ae449f0631",""
"id-22482731468959d23d10322010edc924","AccessRelationship","","","id-b8fbca5df915ef9c35f89331b225386d","id-ac37226839189355b49ee4cf4ea539b6",""
"id-eb652efa79483457e188ce0bfb9f122f","AccessRelationship","","","id-215d5cfb46641cb5aa4eff6b7e10058c","id-838e455e786705d99a13d8d477150929",""
"id-dce0b387dacf5b5f9a1981534291bd02","AccessRelationship","","","id-b50abdc9ed47f53b977ccc66ce7dc55c","id-bee549a182e772f3a9c9cf5e4c141426",""
"id-f134541bbcabb4575779293b98e34c1a","AccessRelationship","","","id-f1257a155c987689772da06f8a549cd2","id-fd81e038c3e4b1cab081377ae87d83a1",""
"id-b5d7d0960c713ba4d3b65ae57b6e2334","AccessRelationship","","","id-d2c26309368d9192ebf606d0e642a2b9","id-7c3e09b74558b42a2f0105ebf102fb3c",""
"id-ace1cf4be2297dc018e9172904a4dfd4","AccessRelationship","","","id-fe7beb847af0d49cb17c80aad098dcb8","id-3c83159e38e529d08c9e409951eade09",""
"id-2b0ea83b3f1faf2f22802365b0001055","AccessRelationship","","","id-dce12943b414197c59b69ef01644c447","id-b09e367e83ea2bbfe340bdae5567a3ee",""
"id-773f0eb2b316a36c92854c71c6cf5ca6","AccessRelationship","","","id-2e17f51baba18b35c560eac73cc77369","id-382ef61660c6101c195b9c59a2fc044f",""
"id-d7964050ce8d8283208ddc5026dcfe88","AccessRelationship","","","id-8997e1588838c8e3a6eda02f0879bd72","id-f19c9fb17379a626697e10ba7cab55a8",""
"id-ed91ed00453a07a9adf4c5ba16c4d7f9","AccessRelationship","","","id-627cc8ad867374995ab48fc3ccd492c5","id-264476c6492bb087ca89fadbfccbd4bf",""
"id-29cdd314a52d061ed4d8478c5c1a6cf1","AccessRelationship","","","id-be66587bd1ade682bf7237a3d14d86b7","id-1f4c1b10300a7c1c84cb89cecbf35cf3",""
"id-2024dac554c54f9d70c1184360154014","AccessRelationship","","","id-18f0d75642754eb351922ebe853e6241","id-47ff56c48257fc5b481a97b7a9040315",""
"id-8b32a15e874ae1fc4eed4bd56a35b2b1","AccessRelationship","","","id-f5c3af3b9fe102cc3ea55db6725c5567","id-7c3e09b74558b42a2f0105ebf102fb3c",""
"id-621bc0a6eb1c141b659c9b12a8b36452","AccessRelationship","","","id-b8b81b18212ddd02afecfe10c2b1f773","id-b2df83979b0b941e2612d73ca5cf302a",""
"id-87a0ff620ea67ccc62c535aa9e981ef4","AccessRelationship","","","id-9c6d8d8988c1b70e0950551f67cdf993","id-a6a885fa196c8959639427c1ea12cb34",""
"id-779077d083da43a74cbb90ecee8ef7bb","AccessRelationship","","","id-18f0d75642754eb351922ebe853e6241","id-0c4c4b922ee08910c42585943a6e41c6",""
"id-83f1688bee7ec27bdd592a100ca6d62a","AccessRelationship","","","id-b8b81b18212ddd02afecfe10c2b1f773","id-c30e05485c72ec3386f686e4962fe1cc",""
"id-4df8a2c7012d92b4d4383695cb8b000b","AccessRelationship","","","id-fe7beb847af0d49cb17c80aad098dcb8","id-c57f077e0222db5c5713f1438fea228a",""
"id-1ac42a0797b0f9b8fd8d7d7f4abf4a0b","AccessRelationship","","","id-810c4ae650452e79787d72dc1e445aca","id-44c5a2c356ae428051d13a45698ae439",""
"id-c00a020cadc8198dc6aeb3245e84f63b","AccessRelationship","","","id-fe0c862b2d0d3f0e792c35a912a2603d","id-44e5f8837d59a040110fd30435f49d96",""
"id-f4078e6f43cd89fd1f353cbdd6fd32f9","AccessRelationship","","","id-1a2fa8d8128e0752153a8907d308cfa6","id-dfd6bb5efb42d255c8cd051dd3528732",""
"id-90709c689c738a476719e04d7921c690","AccessRelationship","","","id-b337bc0611ba93b1e25ae8ef7ef717c8","id-c57f077e0222db5c5713f1438fea228a",""
"id-53f80e127d1033900b79441a0147ec15","AccessRelationship","","","id-dce12943b414197c59b69ef01644c447","id-838e455e786705d99a13d8d477150929",""
"id-99eb99d82e811de3be3fbb19aef8445b","AccessRelationship","","","id-683bb534b3e6432e5ff95e8a2aad9ae1","id-ac37226839189355b49ee4cf4ea539b6",""
"id-c639ce72361dd1af65581f1bd804dba5","AccessRelationship","","","id-18f0d75642754eb351922ebe853e6241","id-0c829175bab2bf10bfce5c2732ed148c",""
"id-4452865277ce45d031b0ebbfa512a3af","AccessRelationship","","","id-be66587bd1ade682bf7237a3d14d86b7","id-b08216d5809ce6dc5d1e88b1932df437",""
"id-411606117fa347e7e08eb7347ffe0456","AccessRelationship","","","id-a7893c04e8c2dafebf100fc3f2afb087","id-9ebb702410fb17f8caf88d885e97c931",""
"id-6f76772739ed03b00230f231153b2804","AccessRelationship","","","id-2e17f51baba18b35c560eac73cc77369","id-82929c40f6db8940aa0584ae449f0631",""
"id-a1e27b8b5edf68eb2373e39d6616823c","AccessRelationship","","","id-dce12943b414197c59b69ef01644c447","id-8c920668777ee778d6daadda861c7d94",""
"id-d9cb4ded80261c303633cd23cefff2b8","AccessRelationship","","","id-fe7beb847af0d49cb17c80aad098dcb8","id-e6762a3c1b5cb338d01ae3660a6545f7",""
"id-8dc51a0a67507b138e0b5c219b9231f8","AccessRelationship","","","id-5aed27f5e74ce4e14ce2c070802e588b","id-4a3aa79b0c081801f112dd2bc84c0afd",""
"id-7d204ce740d0f7212c97db199ff953c1","AccessRelationship","","","id-86391f4e7ba2ad45a286e10d52bc7cf1","id-3e7f23c6b044b054b142fe45cd0f24a0",""
"id-6fc5904e2089ce4a266112c9fb3ca874","AccessRelationship","","","id-a3d9284b5687be2c3ee370ff47d9a727","id-48e7b3b0f6fb84823613f47fdf4f647f",""
"id-287d9a86c8a0ebc197638a1d11c9b881","AccessRelationship","","","id-df78e8cf7f092236f8e81c6833d23d34","id-e865669321cd12eb0ebf32d15e25e6e7",""
"id-626d38df5d15f6bfe64d54304685adfe","AccessRelationship","","","id-3830a8fe9fe691988edfdf294fdefd8b","id-cf92fcf8346ccb7098fc4d6ac23bf7e3",""
"id-57da72fde2705af765a08d1eb17bd3eb","AccessRelationship","","","id-1a2fa8d8128e0752153a8907d308cfa6","id-04d19e22f51ad13a01a67e873b3db836",""
"id-8716b2c7b73758ed8ba4f772984737d9","AccessRelationship","","","id-bef97ac3e021dca1e737e2f3bae628cc","id-16b8e0e0b5d7f6881a85dd47976ccfe1",""
"id-61445814ca08a8cbf2f819f587232054","AccessRelationship","","","id-b8b81b18212ddd02afecfe10c2b1f773","id-7efd78fd6f46d2fd4dd77dc3e34a6a2f",""
"id-3d1863e7d2147f4721b0c53fa5c9503e","AccessRelationship","","","id-1a2fa8d8128e0752153a8907d308cfa6","id-16b8e0e0b5d7f6881a85dd47976ccfe1",""
"id-3ca46c95d1b8997dbbe75dca36cdb97c","AccessRelationship","","","id-96974ad18981e6e5ba6aa6854516e664","id-c56fae21d3fc98f2facde6465960ad21",""
"id-6754586c8a42634186462b103b34d1c1","AccessRelationship","","","id-5ec32aaac768e69f7108a4b0bd736ba6","id-58dfd7e7f4eccc3d2faea3b35fa7206c",""
"id-5565543c4102f26c70e5f634d803e140","AccessRelationship","","","id-810c4ae650452e79787d72dc1e445aca","id-eeb636f459d1e46db9454b0f1831bf58",""
"id-bba57cd9ff726669b2473d633900307c","AccessRelationship","","","id-18f0d75642754eb351922ebe853e6241","id-8c920668777ee778d6daadda861c7d94",""
"id-cde53f8501f4b377bab5ffc51803002a","AccessRelationship","","","id-f5c3af3b9fe102cc3ea55db6725c5567","id-c57f077e0222db5c5713f1438fea228a",""
"id-fdc72680343d31192cd68fb7d77bee32","AccessRelationship","","","id-ef98c02f9711c66e2f17171745adab88","id-e6762a3c1b5cb338d01ae3660a6545f7",""
"id-2e51b7ac1564d59adc4f1b3ec88a3b58","AccessRelationship","","","id-3830a8fe9fe691988edfdf294fdefd8b","id-4b0c5b07856dc262b1f66f48b0de4382",""
"id-9c881a13bbb9190d32a53484676fa49a","AccessRelationship","","","id-0a5bc760019f7c4cf23e5d599dcdb61c","id-3c83159e38e529d08c9e409951eade09",""
"id-e1d63adbb41ebaf979296a45b956d4a8","AccessRelationship","","","id-9dae38896bda458414c61e5cb856fa49","id-b9aa31c4068ebee03b3f4743a1d27fd0",""
"id-ca0b44ce13ac0ff5e0d36ed7eaf31c6a","AccessRelationship","","","id-be66587bd1ade682bf7237a3d14d86b7","id-9ebb702410fb17f8caf88d885e97c931",""
"id-e2b9cc4dc27c4a5f103130280a2b19e4","AccessRelationship","","","id-bc2506ce0f25164c1ac92c6f397d582b","id-16b8e0e0b5d7f6881a85dd47976ccfe1",""
"id-0f2b0a3008c44c7d1be4198538de3ab4","AccessRelationship","","","id-65bbbff289312b2cd72bb6d3303230e8","id-04d19e22f51ad13a01a67e873b3db836",""
"id-48ae0da9e88d6c498bd20fbf006e92c4","AccessRelationship","","","id-bc2506ce0f25164c1ac92c6f397d582b","id-58dfd7e7f4eccc3d2faea3b35fa7206c",""
"id-b3533bad68c158b26d90b82e28f7caa2","AccessRelationship","","","id-fe7beb847af0d49cb17c80aad098dcb8","id-04d19e22f51ad13a01a67e873b3db836",""
"id-57132a66f72b2bec3997a5e0c14116d5","AccessRelationship","","","id-2e17f51baba18b35c560eac73cc77369","id-16b8e0e0b5d7f6881a85dd47976ccfe1",""
"id-3b3daba3dc5fe4d602823c4d46363e58","AccessRelationship","","","id-86391f4e7ba2ad45a286e10d52bc7cf1","id-b08216d5809ce6dc5d1e88b1932df437",""
"id-b01d9c5a1030d195f3d8f76d9f78aba0","AccessRelationship","","","id-b8b81b18212ddd02afecfe10c2b1f773","id-e6762a3c1b5cb338d01ae3660a6545f7",""
"id-a7a6a6cbf91d49683ae70670ca7d6794","AccessRelationship","","","id-df78e8cf7f092236f8e81c6833d23d34","id-fbdbe7017f6ab499a61e6b9386bbf71b",""
"id-bf43aeb0478d80e4d0e513d95fc52964","AccessRelationship","","","id-2e17f51baba18b35c560eac73cc77369","id-8c920668777ee778d6daadda861c7d94",""
"id-3c6fd004b1e2d4a0a848c096bf7b578e","AccessRelationship","","","id-d2c26309368d9192ebf606d0e642a2b9","id-dfd6bb5efb42d255c8cd051dd3528732",""
"id-6aed787a7cfcfa78f061b8f34147777b","AccessRelationship","","","id-1a2fa8d8128e0752153a8907d308cfa6","id-d0fb81de4e7a3f6b9f3e3b509d3ed1fd",""
"id-08ca1df8cdf8f1d4e7a9d37da22a6625","AccessRelationship","","","id-fe7beb847af0d49cb17c80aad098dcb8","id-dfd6bb5efb42d255c8cd051dd3528732",""
"id-856796c37f2c07dc6b282f2dcd1d0850","AccessRelationship","","","id-96974ad18981e6e5ba6aa6854516e664","id-87876db23b897f4294ff0eb81a6a7eb5",""
"id-b0056adf0ea17afe538d47b0b9920333","AccessRelationship","","","id-18f0d75642754eb351922ebe853e6241","id-5711f005084ef14373e5a3a0607b5cd0",""
"id-1f9136362bbf1b1cabf3133fbacb9dff","AccessRelationship","","","id-bef97ac3e021dca1e737e2f3bae628cc","id-7c3e09b74558b42a2f0105ebf102fb3c",""
"id-88e2dd6531972ecac0e36b9f24540e75","AccessRelationship","","","id-2e17f51baba18b35c560eac73cc77369","id-fbdbe7017f6ab499a61e6b9386bbf71b",""
"id-b4bdc20996f0fa26c8b348e7c23bcd08","AccessRelationship","","","id-b8debc9af89b06842030a79df4ceaff2","id-9a78f5c3f1029c19e607c74515f3ea85",""
"id-97ea1768581de873435d101e8f0e50b3","AccessRelationship","","","id-9c6d8d8988c1b70e0950551f67cdf993","id-9a78f5c3f1029c19e607c74515f3ea85",""
"id-c0c60bdfbf787513433bd01431e12341","AccessRelationship","","","id-9c1ce51b8bef13c577f4369e895869e7","id-681048d691844f526ed5056f332485c9",""
"id-143c22c93f2fc535f1447d1893015418","AccessRelationship","","","id-ef98c02f9711c66e2f17171745adab88","id-8c920668777ee778d6daadda861c7d94",""
"id-5071e1c2a029668b840c1e9fbbc4e637","AccessRelationship","","","id-bc2506ce0f25164c1ac92c6f397d582b","id-04d19e22f51ad13a01a67e873b3db836",""
"id-8b9674dd3bdd4b93610ef0954682d6c2","AccessRelationship","","","id-7bd1584974f01a8e1f6ddee0f0b72ad9","id-e757218b1810248e4dbb68c3d7fe5727",""
"id-2c6a01f99e65235e2c7d08d97bfb8920","AccessRelationship","","","id-544d6fae3eb1e29a5e6da8a87baf2715","id-16b8e0e0b5d7f6881a85dd47976ccfe1",""
"id-ff83963a596b3652adc4d942694c290e","AccessRelationship","","","id-dce12943b414197c59b69ef01644c447","id-b2df83979b0b941e2612d73ca5cf302a",""
"id-d40c4d513f3c2d2c43b30bd91903819c","AccessRelationship","","","id-2e17f51baba18b35c560eac73cc77369","id-e6762a3c1b5cb338d01ae3660a6545f7",""
"id-f973b9eac9a8c22eaa90b61baa512492","AccessRelationship","","","id-65bbbff289312b2cd72bb6d3303230e8","id-838e455e786705d99a13d8d477150929",""
"id-14e8ff3bb9c4fb44d988c29bad3a971f","AccessRelationship","","","id-b8b81b18212ddd02afecfe10c2b1f773","id-16b8e0e0b5d7f6881a85dd47976ccfe1",""
"id-921beade22d13d332899f220dba38544","AccessRelationship","","","id-1a2fa8d8128e0752153a8907d308cfa6","id-8c920668777ee778d6daadda861c7d94",""
"id-5c07b19afcb34422d25f2c2ce804e93f","AccessRelationship","","","id-18f0d75642754eb351922ebe853e6241","id-e6762a3c1b5cb338d01ae3660a6545f7",""
"id-bc625dafb63044602c093b26ea798df2","AccessRelationship","","","id-0a5bc760019f7c4cf23e5d599dcdb61c","id-e6762a3c1b5cb338d01ae3660a6545f7",""
"id-e44c28d49b5a6341ecd245a019c7aebc","AggregationRelationship","","","id-ea538452917a9a0efe72dec6283447af","id-ce5cb7c0a64ff5260fa5ef6c406fae74",""
"id-36d45b7c430ac4daa729061c2d6fc0b7","AggregationRelationship","","","id-6b8bd176449ad6d5c5856c3d13b8449c","id-af9ac871c1f0685b87076d2f48f47bbd",""
"id-653313d033a7db42cf64de6c9a08ba99","AggregationRelationship","","","id-ea538452917a9a0efe72dec6283447af","id-332de9478acc375fea7e5854cfa47700",""
"id-67b814945968d720149998edd8bfc026","AggregationRelationship","","","id-bce65a19a59644ecd97d52c78e8fb070","id-d5e555645260b363327c083255afb1de",""
"id-d0fcb520cb25be49c4c3d9064ec22ef2","AggregationRelationship","","","id-5da59973308bf9dd4865ead036953788","id-6c8aefc84f27ad967a78bd71f40deeb1",""
"id-5f742225a7e40b9b1492b7012f01db75","AggregationRelationship","","","id-2ca65ad27032d808b3c8e47db20b75a8","id-278c542a805f2cd81d5bbaef0bcc7655",""
"id-4b17803e6a794f54a336851fa53e9d61","AggregationRelationship","","","id-eebea832a64940e58a61e503dbddbf43","id-2776da01538e416f85c8cd7c90d00c7e",""
"id-957d24d2a58ed48141f64b66b27cdd3d","AggregationRelationship","","","id-e1547d163a1f71025f42c92ad402705c","id-bf2fe8a90d804b594eda9ac634ac1b70",""
"id-8ff6376197eb8dd329ddf9d018d42000","AggregationRelationship","","","id-f5c3af3b9fe102cc3ea55db6725c5567","id-d5784c897e33ccbb677e2a44c31b81ff",""
"id-b19f0fa4bf340f1c5d11e64529d485ba","AggregationRelationship","","","id-6b8bd176449ad6d5c5856c3d13b8449c","id-b11507181e1f4cfd85bbbf8416a6e377",""
"id-577ff99ed4ee959024c1b634a7683c67","AggregationRelationship","","","id-28793771489fcac604bb2abc8398d758","id-2b74aaab9aa14ccc5f76828d36016e41",""
"id-0ed1b1befeac76a8bfae82b32f8cbb99","AggregationRelationship","","","id-726fc64dafffdcde009b68ced2afd7a7","id-af9ac871c1f0685b87076d2f48f47bbd",""
"id-d62014171bed83e6ea80f1723d8aef30","AggregationRelationship","","","id-e1547d163a1f71025f42c92ad402705c","id-ecbf7f73fc0403357f7ff28afa9d0913",""
"id-fe96272082e44c073aaffa51bfc5f592","AggregationRelationship","","","id-28793771489fcac604bb2abc8398d758","id-7ab2b7c1c17821e137f586d0977d8e94",""
"id-43f2d361d025adbd5fba9fbdabd12848","AggregationRelationship","","","id-e1547d163a1f71025f42c92ad402705c","id-e9d49abf813f0b27bcccf831fc9041ce",""
"id-b9884e92d7012c675bc993b4e57de733","AggregationRelationship","","","id-28793771489fcac604bb2abc8398d758","id-42626a634f180ab3f8b143066d4efb1e",""
"id-fcd4fb3da7d78e93b3187fab6cd72b02","AggregationRelationship","","","id-2b809503286fcb6ebabc0d1d5c9cf614","id-e0550ec6740d5cfb18387eaf8da5ea3f",""
"id-576104b2f56557e28151a552688abdee","AggregationRelationship","","","id-4a33f539cc5e48b6317fdaeb9e78d5ac","id-9e886fc354299b7bfab29f6c757cee05",""
"id-86762ff590d6b7d6ecbb34ee76f65730","AggregationRelationship","","","id-ea538452917a9a0efe72dec6283447af","id-292eb8448476fa0d7475f69709ba3d2c",""
"id-971158667c2aebe089d4efd8184649ab","AggregationRelationship","","","id-4a33f539cc5e48b6317fdaeb9e78d5ac","id-a20d8ceb37d815176d276a5e87dcf401",""
"id-0207bee2528a394466edf35e48e298bc","AggregationRelationship","","","id-2d717117233012c3925d60f9258eb463","id-e94129eeb979711ee8eb588fced9e632",""
"id-0a11338c00a144f4957e72f51bdabe15","AggregationRelationship","","","id-cebdcc7b62bc4d7ebaf935f0dab3000a","id-e504b9515bed48e0b9f01d8a028f9482",""
"id-6b8096ee60db80e4e8aac3ae39e458aa","AggregationRelationship","","","id-28793771489fcac604bb2abc8398d758","id-6dcf37796ed3121159da1fe5ac0370e0",""
"id-4587c86da4954b357ed7c6dee3b0f6c1","AggregationRelationship","","","id-e1547d163a1f71025f42c92ad402705c","id-189074f9ed4b6d71407df5b5c50040b8",""
"id-ec8c53c1387fe1a9cfea47f343720b2d","AggregationRelationship","","","id-6b8bd176449ad6d5c5856c3d13b8449c","id-b2df83979b0b941e2612d73ca5cf302a",""
"id-bbdfdeb8b1794eaaa110dd1986c95995","AggregationRelationship","","","id-28793771489fcac604bb2abc8398d758","id-9c851a23dfc0101b92e185706622a906",""
"id-09e0644632caafc18fcf12ddebf5be6f","AggregationRelationship","","","id-ea538452917a9a0efe72dec6283447af","id-9586836ad0e2147d20525bb7aac3a55a",""
"id-94cbedefd7de6b1d5a3b57cd319395a3","AggregationRelationship","","","id-ea538452917a9a0efe72dec6283447af","id-ded7035e7e58e8588ae2e9bb623c9475",""
"id-d17af9c1bcc73c0118c3af1e1403fb0a","AggregationRelationship","","","id-ea538452917a9a0efe72dec6283447af","id-a04f8ba82a7e6fa432b263dc55233c97",""
"id-e509924ca271e871096f32b7c3636df0","AggregationRelationship","","","id-ea538452917a9a0efe72dec6283447af","id-e6399981fbf8017d99694d29697650d5",""
"id-e946476d050925b87e24d2a4838e7239","AggregationRelationship","","","id-d00dd791e877c43d7cfd835d4a35b990","id-8d134c86c75b0f1c4b51ac18353e8a17",""
"id-f6e3715385d45852aa1a3cd5b39dd96c","AggregationRelationship","","","id-dc996ca8aa0e65bfc1f2ae8c8ab92c3b","id-5018c2e632e276107d40d5180f65d7fb",""
"id-bd8017d69191185b2d443e7f8313e6a3","AggregationRelationship","","","id-9addfc2a6a328527e71ce185152ba559","id-78f80027e8454ef27a2916ccaada86b2",""
"id-9a7bf6219b97f91354136c21ddbb61e9","AggregationRelationship","","","id-c1f600836fbc2422e5df1ccf72f5d148","id-2cd3006f0f9050702dbe8546cda5325e",""
"id-5af9a667dc58b569bfc2170a42b3b1cd","AggregationRelationship","","","id-9addfc2a6a328527e71ce185152ba559","id-73f27c27a205a64ca6cc33f7a8333085",""
"id-3f692901859d348610a5ad3c35f81048","AggregationRelationship","","","id-1343bf85f07f72dd4ff300b30b29d320","id-d6260e8ef08b45c140e4c03bc925705a",""
"id-34c6898707439aaaedbca513b1b6e725","AggregationRelationship","","","id-81e856c6477cb4f71965190f87d519f8","id-943adaf190027afb86e6273ebfd3e329",""
"id-489c77c64eee441d9eacc040b68b3ffb","AggregationRelationship","","","id-ea538452917a9a0efe72dec6283447af","id-21b2db97e9c3a452f96bcf840833a3f0",""
"id-e7f86734a63fcf3d18a9eb410d2aee2f","AggregationRelationship","","","id-a036b110ad5392c39b6912acd493812e","id-cc081fd78dcad7cbe6fc5129199e70e9",""
"id-d9ec059b6b458da5a8bfba57e778850c","AggregationRelationship","","","id-5da59973308bf9dd4865ead036953788","id-ee2b2c65d25a14213ec57d51ce71c9a8",""
"id-91d1d05cd37b5a002373bae0e28c4168","AggregationRelationship","","","id-ea538452917a9a0efe72dec6283447af","id-8d7dace523e88b6721ec61e3ea4b583f",""
"id-ca62b93b3ad047b800baa66521c5e316","AggregationRelationship","","","id-5da59973308bf9dd4865ead036953788","id-be995271635c0b4f215222f6e6dc6d4e",""
"id-533a58507a934160a659949256a87eb4","AggregationRelationship","","","id-15a0d6bec80fc381e2340be1fb982c99","id-15a0d6bec80fc381e2340be1fb982c99",""
"id-64595f152bf8ff5d7a39f610d3ac62bf","AggregationRelationship","","","id-6b8bd176449ad6d5c5856c3d13b8449c","id-9a4a7fea2a4d8590f073c6bf6de59fde",""
"id-b0b139121b1d5ff390e7b433cd8b3627","AggregationRelationship","","","id-d6d70590963ef3752048f14bb389a69a","id-bad1b279b76630428bfc88451784ccb9",""
"id-0e9be7d81eca49aa3acc8aaf114ce441","AggregationRelationship","","","id-5da59973308bf9dd4865ead036953788","id-1c50dc01a56a21f6060fd24d765b1d9d",""
"id-691f409e9e6390a28e5c801e0ec902d9","AggregationRelationship","","","id-2d717117233012c3925d60f9258eb463","id-be468c8e0bc5d035bf69f86e948bac43",""
"id-63c04eaaeb1c980af1e6b4aa3aef6a9f","AggregationRelationship","","","id-95ac3e8a1faf6a6652229d2cf2c2232b","id-96974ad18981e6e5ba6aa6854516e664",""
"id-9ed69a6e4f2683d89855b0184db94995","AggregationRelationship","","","id-4a33f539cc5e48b6317fdaeb9e78d5ac","id-68c85bc6f760a4e975f38967cbf7acd5",""
"id-fa18337a7ab642b28a4cd24d30144238","AggregationRelationship","","","id-ea538452917a9a0efe72dec6283447af","id-855e720f61ec12102f8b758654837fc1",""
"id-ba8e6693481a723ac47b4d9780d493c6","AggregationRelationship","","","id-d4b71fb62648c70cfca6a56934516451","id-2e17f51baba18b35c560eac73cc77369",""
"id-8638b9e9a7abae9c7b99a24654b633dc","AggregationRelationship","","","id-9addfc2a6a328527e71ce185152ba559","id-d189e66e377e7866761dc5b5baf48093",""
"id-48d3b69dd434aa1fa8f61017715349b4","AggregationRelationship","","","id-64a909603a4fd238f36508109b9a9d8e","id-be66587bd1ade682bf7237a3d14d86b7",""
"id-00e941454650c40e8406fe93e30ec413","AggregationRelationship","","","id-c7e3b709dcf3c0b0df98c4f971848e82","id-c42001adc1d6b6e2aee8b96ac3563664",""
"id-d3a95273e4a67277a7c64faecc43a63a","AggregationRelationship","","","id-e1547d163a1f71025f42c92ad402705c","id-17bd6b08da2b44594869e18697e947d4",""
"id-47ed8217a0d9f6febb23ad5a355aacee","AggregationRelationship","","","id-18f0d75642754eb351922ebe853e6241","id-7aaca9f8e816eae193a731412ac5def0",""
"id-b2417de12fc8b98e6eb94d846bf9eed3","AggregationRelationship","","","id-3104e3ff241a119e5910691b30dc894a","id-4a607bf765c83c907dfff2b8dbfaa6d7",""
"id-63c05d33812861c0fad01397c14f3b89","AggregationRelationship","","","id-726fc64dafffdcde009b68ced2afd7a7","id-3fd55fcf41c05edce18d9c8dac13d4ec",""
"id-24e425a7288b4d4caa617d4b30814939","AggregationRelationship","","","id-593afc4539b848c880359f290abcf86c","id-5f3a780d35b146718746269b666ceee0",""
"id-7a71a6249bb77635d90958b9718a17a8","AggregationRelationship","","","id-e1547d163a1f71025f42c92ad402705c","id-78f80027e8454ef27a2916ccaada86b2",""
"id-531de1f3b168a2f5913c9dab2fa0f7df","AggregationRelationship","","","id-28793771489fcac604bb2abc8398d758","id-fe98d7511fbb2499a46ed073c0b566a2",""
"id-6288a2d8b0b4ee4a6b88e085306c25a5","AggregationRelationship","","","id-9addfc2a6a328527e71ce185152ba559","id-e7e0ed6c463049def8617063953bbef3",""
"id-6a9fddc706a9d0ed1ed3bf1a61d35e7c","AggregationRelationship","","","id-ea538452917a9a0efe72dec6283447af","id-bb7ec7bc14f0d06f1c9831ed79a99341",""
"id-3480d0230628af95b480a96c677c1062","AggregationRelationship","","","id-c6170a5c9870850847938493cb8916f8","id-4753e0bc69bdf9aee6938bdf2b76bb43",""
"id-14a4561723a31405f87b7fcc2380892b","AggregationRelationship","","","id-4a33f539cc5e48b6317fdaeb9e78d5ac","id-512b1a93aa0bdd9861ea57d73a6c0fa8",""
"id-5a3e40b8ebe17c22f88a9a84506a918d","AggregationRelationship","","","id-2ca65ad27032d808b3c8e47db20b75a8","id-15eb1179be6451b400e77b8fa15ec4b5",""
"id-b18b4343c9a88894d622e24246063a45","AggregationRelationship","","","id-e8ff7a3cafa2d9eee35b7eff3bc5b85a","id-c57f077e0222db5c5713f1438fea228a",""
"id-bdaeab50ed2505e69194abb575665486","AggregationRelationship","","","id-a65e59b65e712286260ddace6d5e6256","id-1aa05fc534e4d2a9be6297d76ac09b79",""
"id-9e1b74b6cd7e4211a39d7fdde6338831","AggregationRelationship","","","id-f6cb9e3eb392458793546217d18a8204","id-ea16334cd4f347f1b696719274360f55",""
"id-fbb13ca285114efca70d51b1dd609559","AggregationRelationship","","","id-3c5c7330af37469a845c6af93264bd03","id-63be4603139e488f93235ff996387731",""
"id-92ba204c6db108bbb179cdc99ecfe552","AggregationRelationship","","","id-0277cac6bda66f496a3c52d8c656af73","id-296c57666e52a69ce325483bea96bafd",""
"id-67f5e6d7f3c6b74f42b9e9e88227ab9d","AggregationRelationship","","","id-d38e46927cb5ac0bdb7c99ec6031d18a","id-3830a8fe9fe691988edfdf294fdefd8b",""
"id-db725d9c083bb0a791aaec18795def6b","AggregationRelationship","","","id-28793771489fcac604bb2abc8398d758","id-6f892ad7aefba63ee6fce07732489c79",""
"id-6e2505defeb65ce33946c51b33908c13","AggregationRelationship","","","id-6b8bd176449ad6d5c5856c3d13b8449c","id-32b6c40b3dadbbf16ecb869d40e5249f",""
"id-ea73177e44f01089ff6b243f5d3454a3","AggregationRelationship","","","id-4a33f539cc5e48b6317fdaeb9e78d5ac","id-521f2d011ccf9695e444e833b943c4ab",""
"id-a14d7e0f33c669570df9a2de2205e3fe","AggregationRelationship","","","id-d4b71fb62648c70cfca6a56934516451","id-18f0d75642754eb351922ebe853e6241",""
"id-cf1d77b25a15e5aed20892a6da01bf87","AggregationRelationship","","","id-b342dbf6e86b51846f94183e69798bf3","id-a93ba2015af0147aa1f21cc2ff0c5a80",""
"id-1bb9646b98008a239b3e29f1bd9a005c","AggregationRelationship","","","id-4a33f539cc5e48b6317fdaeb9e78d5ac","id-13c4c25e1c1a233ce737a632cd4600fc",""
"id-7c304b8e66dc894c4714ff0e88b44c3a","AggregationRelationship","","","id-6b8bd176449ad6d5c5856c3d13b8449c","id-270bb61bca66b8ccce5827b7b35d8251",""
"id-1d7029ef01593a75e9820baf283ca9c8","AggregationRelationship","","","id-e1547d163a1f71025f42c92ad402705c","id-7019adef01c556670c803b9076d24afe",""
"id-9b024969b900b749959e224a1596482d","AggregationRelationship","","","id-ec02a8c52e881e468b7afcfc934fcec0","id-bacb1903add50973639849a738bb0411",""
"id-e4c2295867da79d2a54d870bdcb102e4","AggregationRelationship","","","id-ea538452917a9a0efe72dec6283447af","id-845ffb5d97349ae9d0607d36a75e5c23",""
"id-d856f441690f3cc72e1c2ff402487667","AggregationRelationship","","","id-e1547d163a1f71025f42c92ad402705c","id-fda5dfffa1301ead433679ae2a2dcd8a",""
"id-5ab3ff45ed38009475d3c4bb5430de1c","AggregationRelationship","","","id-8aa92fa48d57fdcfa59c8c39a543fa47","id-15a0d6bec80fc381e2340be1fb982c99",""
"id-07c255bfc4e31b3a46b64d50a75f6e62","AggregationRelationship","","","id-4a33f539cc5e48b6317fdaeb9e78d5ac","id-233c87570df225774b5d6aef73830284",""
"id-4c2f10047f4415eb212bb1a797cdd3fe","AggregationRelationship","","","id-a8cf9f3e8ee746ac11c483c153501563","id-d3ae9c322a7f06b72c00e8949bd4caa4",""
"id-5dccdc84d4245ab6ad627afcd8aeb676","AggregationRelationship","","","id-0afdfc9e8539ec1c29cf3363a67d491f","id-c57f077e0222db5c5713f1438fea228a",""
"id-14e79a06c6fe9326c3d4bb640da966a3","AggregationRelationship","","","id-6b8bd176449ad6d5c5856c3d13b8449c","id-4dc68f98ce2e1c97402da46264ae2ddf",""
"id-eedcbb5ec3257d42d2897e2f45bcdedf","AggregationRelationship","","","id-5fe1a58629d568b7c25085b82d0bf12f","id-287b7640edb99581c640a0f9df29a9eb",""
"id-09ed59a6757e6fb77dd52ae944b537c0","AggregationRelationship","","","id-ea538452917a9a0efe72dec6283447af","id-eba41a1b8494a39f73f26cca5b8cf5aa",""
"id-6e20f0af9c08def4dd1f9746e3616404","AggregationRelationship","","","id-1aa05fc534e4d2a9be6297d76ac09b79","id-1db6d0411c4c766df019c14ae93a2027",""
"id-1a3402efbaee16f8458898d89256f7c1","AggregationRelationship","","","id-a65e59b65e712286260ddace6d5e6256","id-2b809503286fcb6ebabc0d1d5c9cf614",""
"id-e1e833fbec61a899870a72aeb9ee62ad","AggregationRelationship","","","id-bd62cac964552427a3332d00b2057ce9","id-315172c0c185e04061459cf563340cf3",""
"id-50250cea0b3b640198dc3472232d765c","AggregationRelationship","","","id-075ced1b09ee36197ed8038dc9a95de4","id-e6ec34621656d09c9aa8e5d2282913ed",""
"id-941b33576ddd46efd959ecde5a87bb97","AggregationRelationship","","","id-ea538452917a9a0efe72dec6283447af","id-3e7f23c6b044b054b142fe45cd0f24a0",""
"id-8c0776d3c84f46b6e64c5c85fa34a6a1","AggregationRelationship","","","id-ec02a8c52e881e468b7afcfc934fcec0","id-a7d977a13b99f05178050ca936f339e0",""
"id-688c72f22c6dcf1a6121e3712b2294a3","AggregationRelationship","","","id-3b9eba3ccc0a65a7ba9e94765561960c","id-6e1b77f377949a45f46e8d618b0bebe0",""
"id-2f1edb735de937ca82523265c87b9a00","AggregationRelationship","","","id-95ac3e8a1faf6a6652229d2cf2c2232b","id-0c639a999850337f99bedba4a377cbf0",""
"id-192cd5f8a126e7f63333b8e27abca640","AggregationRelationship","","","id-c7e3b709dcf3c0b0df98c4f971848e82","id-7d2604ed85e6951484d5c6e0c5686839",""
"id-74ed2452c347da85db25efc97832aaea","AggregationRelationship","","","id-2d717117233012c3925d60f9258eb463","id-36566affb8b4e06865b5909227fa302a",""
"id-ffe53da7a15b7719ebb32630c67be523","AggregationRelationship","","","id-ec02a8c52e881e468b7afcfc934fcec0","id-0d1657c18ec8ba954d42cb8e0ceced53",""
"id-13060899e0f7648a65e83b0659a92ae4","AggregationRelationship","","","id-ea538452917a9a0efe72dec6283447af","id-f7fd9a1096741ef0b0bd959e42e79b34",""
"id-b4b99a42cf33a39160d5cdaf8c1fcca4","AggregationRelationship","","","id-28793771489fcac604bb2abc8398d758","id-76f4ae0a6bc546ca04621f5ab998fe01",""
"id-85c7374ebd1a78d294844cf166c84d5f","AggregationRelationship","","","id-28793771489fcac604bb2abc8398d758","id-79c420ecf02285f8d8033118b1881f39",""
"id-c279edcc943c4bc683d872ff2ca1cc60","AggregationRelationship","","","id-3f4a810ad7bd4697a842fbde17a9016d","id-56a5d0ed79a74d60bac5386dfadb991e",""
"id-c74de8c2e3a6dec2754a666de7838074","AggregationRelationship","","","id-dc996ca8aa0e65bfc1f2ae8c8ab92c3b","id-584ebf14c9049c775936aefec6dc655c",""
"id-526cc9b4b70f7b633b0bdf79592fb899","AggregationRelationship","","","id-6b8bd176449ad6d5c5856c3d13b8449c","id-d25e0013559980559fceeaf5e4a250eb",""
"id-6db83bfd642ffed0f5cb6fba83fbf939","AggregationRelationship","","","id-ea538452917a9a0efe72dec6283447af","id-2639daa0289cf9b3ffe9fab6b3fc7a27",""
"id-4a46e5f912b2dafc0075a0c8266138d1","AggregationRelationship","","","id-726fc64dafffdcde009b68ced2afd7a7","id-b92da2c19884c73ca22beade3b2819c4",""
"id-2ca25f8615cb373e0773b064d9274fc1","AggregationRelationship","","","id-ea538452917a9a0efe72dec6283447af","id-bd64028dcc2e6cc0458402044d423983",""
"id-94f48bf7c5b5e9182849ac860bd3cbc7","AggregationRelationship","","","id-3fa2ed984da0906e839fa366de110a96","id-00a67382a08a3fa73cced17cd97b54c9",""
"id-dda0dbb440d61aef7474ab63c62d2deb","AggregationRelationship","","","id-95ac3e8a1faf6a6652229d2cf2c2232b","id-45e8e74aae26ca4b9db7db67830ef803",""
"id-0e6471c933cab581986a4e336385df65","AggregationRelationship","","","id-5da59973308bf9dd4865ead036953788","id-3012217f2ac7d98c0bb7088c228cc696",""
"id-fa2e5d2dc3dd292160bd10482a82748c","AggregationRelationship","","","id-ea538452917a9a0efe72dec6283447af","id-1a86ddcdf80ae8f7d088edeb66b1b0be",""
"id-97a2d6864a8f027b1fe010ec12758f75","AggregationRelationship","","","id-41329f798c5f5e263f2fe221261ecb70","id-f7cc46ba2a9dbfba286d5b076019ddd9",""
"id-dd52a956b0c150e68b859dd9a7416741","AggregationRelationship","","","id-5da59973308bf9dd4865ead036953788","id-ff134b5eece55a12ff44cf06009f34a0",""
"id-a031e2e784622ddf27fe167d192f6b5f","AggregationRelationship","","","id-9addfc2a6a328527e71ce185152ba559","id-fda5dfffa1301ead433679ae2a2dcd8a",""
"id-36b377b4d5eb18014b5aa99a3efc8fd2","AggregationRelationship","","","id-a8cf9f3e8ee746ac11c483c153501563","id-a3d9284b5687be2c3ee370ff47d9a727",""
"id-354987758d64a20e57aa90857cad3ef3","AggregationRelationship","","","id-ea538452917a9a0efe72dec6283447af","id-7d445ab1b6a63154ad8c84d6e1044b1a",""
"id-1f76765430487211b3c874de996f3ed2","AggregationRelationship","","","id-9addfc2a6a328527e71ce185152ba559","id-607aa96e4a2005fba85fe045f62b8747",""
"id-e44d6e592cff31abc98e953381bf6baf","AggregationRelationship","","","id-ec02a8c52e881e468b7afcfc934fcec0","id-ac472cf779904a4aad9a4a9d2100d585",""
"id-19dc366c3292093b681c493fbd39b496","AggregationRelationship","","","id-ea538452917a9a0efe72dec6283447af","id-b8cebcf1c03575e3a47a6707fc3d9df2",""
"id-ffb9c2223aa6f2f5ad45d24f77993632","AggregationRelationship","","","id-ea538452917a9a0efe72dec6283447af","id-4fbe4354d6bf87fe2f82401a351d2d3f",""
"id-45fd08c1da03f5d366a1990f2f3e6866","AggregationRelationship","","","id-81e856c6477cb4f71965190f87d519f8","id-4f13f8885040a5dbbe5c3cad8bd732a7",""
"id-d6a66910be4cd79a7af91736672df0e1","AggregationRelationship","","","id-3e7f23c6b044b054b142fe45cd0f24a0","id-5711f005084ef14373e5a3a0607b5cd0",""
"id-4d19ae74830c4924a698b2d6fad5c6f0","AggregationRelationship","","","id-ec02a8c52e881e468b7afcfc934fcec0","id-8d8ae31dd4289f6040f686b2f72254de",""
"id-09a853bffaac4034bc325f5025463e2c","AggregationRelationship","","","id-5aed27f5e74ce4e14ce2c070802e588b","id-5aed27f5e74ce4e14ce2c070802e588b",""
"id-48f63bbff225eff975a225f1d0fa1f29","AggregationRelationship","","","id-64a909603a4fd238f36508109b9a9d8e","id-a7893c04e8c2dafebf100fc3f2afb087",""
"id-188443b9c58acc5853d9e45237084f87","AggregationRelationship","","","id-ec02a8c52e881e468b7afcfc934fcec0","id-7f5f78b973045e539239c2357435e1e1",""
"id-6af04a635b90e1b872acd1b70d84395a","AggregationRelationship","","","id-5793e3ae72eee007e7b1744998576ed4","id-e6a97427e032e2313684db6800e06a59",""
"id-06552eb33becc9c2948b1da0e9fc5737","AggregationRelationship","","","id-0277cac6bda66f496a3c52d8c656af73","id-52038895476a4cc7b9ca31528d5c7046",""
"id-99c0ff544f0d83757ff0f015dccaf0aa","AggregationRelationship","","","id-6b8bd176449ad6d5c5856c3d13b8449c","id-179fa83801440d43e192fb73a2d69048",""
"id-d0f2a5bd5627d9ff436e9a5f2ee749f4","AggregationRelationship","","","id-4a33f539cc5e48b6317fdaeb9e78d5ac","id-2925b6bd4eb8a05478bdb4684af23f33",""
"id-b6e912a2f3c5848015db122a3f6af773","AggregationRelationship","","","id-16b8e0e0b5d7f6881a85dd47976ccfe1","id-82929c40f6db8940aa0584ae449f0631",""
"id-0a0d28136c412f56800a54659a474ef5","AggregationRelationship","","","id-e1547d163a1f71025f42c92ad402705c","id-3bf3ca4cc6282c7d872b548d91c0b6c3",""
"id-ca3ed4c8f9a11f5067a1c81f321e2ec2","AggregationRelationship","","","id-5da59973308bf9dd4865ead036953788","id-ebc74d529450c5e7109b11e6b4bb6b2b",""
"id-fba9d36739add06420d84d661606a68f","AggregationRelationship","","","id-2d717117233012c3925d60f9258eb463","id-b08216d5809ce6dc5d1e88b1932df437",""
"id-2632b68bcccf081b5ba989adc155d2e5","AggregationRelationship","","","id-5793e3ae72eee007e7b1744998576ed4","id-64569e497777cbfb565489abb303ab60",""
"id-98d9f1ec20ae5cd84be0a18853d74bfb","AggregationRelationship","","","id-890e139f1fce38a59c6417b1ee4426ba","id-6b7e3e00a791513614ccdc52eb585749",""
"id-f7c31c0879731114c80fc67b326c206d","AggregationRelationship","","","id-ec02a8c52e881e468b7afcfc934fcec0","id-db0f30a5bc0c0374a378a0b8b8298bec",""
"id-2d246f84b966ce6a1b4af4dba0b2226b","AggregationRelationship","","","id-d5fa720c1960a378c77d9ab5b608d06d","id-3fb8c7c630798282caf446e2218b1f51",""
"id-679c1d87935b4e4bb8baa09294ee321e","AggregationRelationship","","","id-86618c84c07a401d852354ee433e8962","id-3f711475395b40b8bae2198c203df52b",""
"id-274018103f3f6caa1e545b63742f64ce","AggregationRelationship","","","id-ac37226839189355b49ee4cf4ea539b6","id-47ff56c48257fc5b481a97b7a9040315",""
"id-8c5406a0717054ce5f07f14f978266c5","AggregationRelationship","","","id-9addfc2a6a328527e71ce185152ba559","id-fe1b2577e4ea2ad0728bcc8e6d825a52",""
"id-d26a9c52679e6416769e8913fc950c1c","AggregationRelationship","","","id-eeb636f459d1e46db9454b0f1831bf58","id-4b0c5b07856dc262b1f66f48b0de4382",""
"id-07ce4f51a0bf45016efbcbd7a98cff30","AggregationRelationship","","","id-9addfc2a6a328527e71ce185152ba559","id-b7130397ec00c0b4f5e1a713ce4a8736",""
"id-a1bb90fe1def6047471a18c1c53e6a74","AggregationRelationship","","","id-9addfc2a6a328527e71ce185152ba559","id-58c48f69e06c23a66fbb2c7f865e4344",""
"id-c67696d365781acb2d36d53032415c26","AggregationRelationship","","","id-6b8bd176449ad6d5c5856c3d13b8449c","id-2e4234c2fcc7f2ccd90a2f283120577c",""
"id-cfec2c1de5259c72570badd6870db7ad","AggregationRelationship","","","id-28793771489fcac604bb2abc8398d758","id-d4b71fb62648c70cfca6a56934516451",""
"id-26c11b832e5094019abeed4615388189","AggregationRelationship","","","id-28793771489fcac604bb2abc8398d758","id-d9de58dee6f2d8c1b01b463be61ff8cc",""
"id-2e3a15682ad336afcd0c7910d8bf4416","AggregationRelationship","","","id-28793771489fcac604bb2abc8398d758","id-ccfcb528d21d2fe4447121222d86d413",""
"id-2170402acd7e4d1698dc5a39032066da","AggregationRelationship","","","id-ea538452917a9a0efe72dec6283447af","id-f80f45db93a4d7d7fe1a12ccabd7c6aa",""
"id-6b3ec2b66af8985a1a9ae44e3aac1447","AggregationRelationship","","","id-93cdabbc4687720f293d8142a5009459","id-93518217d3692f858783e9da31a9f821",""
"id-23b9074786728a20fe468f8725e1470c","AggregationRelationship","","","id-3e7f23c6b044b054b142fe45cd0f24a0","id-f7c05f02eafc1819ea8e3aa8669ecd44",""
"id-9ce7fb5e88aac124ff1fd27218819c8c","AggregationRelationship","","","id-7ab2b7c1c17821e137f586d0977d8e94","id-e865669321cd12eb0ebf32d15e25e6e7",""
"id-4c79ec8e2bc6527ac39d74cab31999b9","AggregationRelationship","","","id-ea538452917a9a0efe72dec6283447af","id-7e29c42cccfe9be795a41363ebcf56f9",""
"id-afd2199cde8ae2a32fb09f60bce12985","AggregationRelationship","","","id-b8f47c5fcaf416ce3e8b718fa33778b6","id-26689b2b6b07934972c8a6c5db349157",""
"id-e395b0003e9b376424002e6d199860ac","AggregationRelationship","","","id-6b8bd176449ad6d5c5856c3d13b8449c","id-5654c774c339b1dce84e678b0afdf598",""
"id-ae1eab10794c3e45d7a9ed866b3571cb","AggregationRelationship","","","id-e8ff7a3cafa2d9eee35b7eff3bc5b85a","id-382ef61660c6101c195b9c59a2fc044f",""
"id-a4f9b48f9b07b9a18eb147f2f5b35e07","AggregationRelationship","","","id-0a5bc760019f7c4cf23e5d599dcdb61c","id-942dad2dad3d1904bbb8dac29b9e002d",""
"id-20e6f42b31e89709f89315a438b6fc6a","AggregationRelationship","","","id-16b8e0e0b5d7f6881a85dd47976ccfe1","id-e33e822386f73a2dce6cee789659418c",""
"id-2f4ce8f36d79e1c73bcd06660eaa2f49","AggregationRelationship","","","id-ec02a8c52e881e468b7afcfc934fcec0","id-4ca091ad3e03784c30bb1b1472ef6ce4",""
"id-acb8227477cd253651fe1434570a67d8","AggregationRelationship","","","id-ec02a8c52e881e468b7afcfc934fcec0","id-17328ed9350743a9ecdfa5dda39fe43e",""
"id-2eedf27f98dd0eed560ca0bf8568effa","AggregationRelationship","","","id-ea538452917a9a0efe72dec6283447af","id-a86c81e4ed4639e48d6a5c41ae2f1331",""
"id-ffec2de9539b0e767be34d986f2f120f","AggregationRelationship","","","id-ea538452917a9a0efe72dec6283447af","id-db678359f2c5e98b13d2f571bc483b6c",""
"id-e0359f7069bd34f194d5650966c4104d","AggregationRelationship","","","id-28793771489fcac604bb2abc8398d758","id-bbe4dec59bfe603bdc5f12df9768e18d",""
"id-a8db5855403ad6cf1668ec7d6f793d30","AggregationRelationship","","","id-5fe1a58629d568b7c25085b82d0bf12f","id-a21fcebd82607cc213b57dc239572a4e",""
"id-7632a2af7fbb4cd5970f97f996213532","AggregationRelationship","","","id-e3f381dbd30a4029beb91a88917d7f90","id-cb57997fde444b8c8acc97b66ae0dafd",""
"id-fdb15a76efbb77efdec63cac198fdfbe","AggregationRelationship","","","id-ea538452917a9a0efe72dec6283447af","id-06360cb64686bb9edbe7558014c784c2",""
"id-eae80b86658df18cf7d9f1b1ea68ae4d","AggregationRelationship","","","id-ea538452917a9a0efe72dec6283447af","id-7b529a8de9596b493437e4762b7f9b1c",""
"id-d48abee9bf2846fbbbc9fa7c2d76a461","AggregationRelationship","","","id-2aaeca43b02c50b61c5fbab10f3349c6","id-fa0919be620de494f4f55b21cbd51f86",""
"id-ad1035c6c40bd55ce439fcce16c5caed","AggregationRelationship","","","id-c7e3b709dcf3c0b0df98c4f971848e82","id-0338ee07953fcb96addbb03f4de833dd",""
"id-4e872644cc15b2b1b5af9e7be0321e22","AggregationRelationship","","","id-819e7ef01fe9b49c368d64cd35a25245","id-7efbc4ca71025cbea0978650a54e1c00",""
"id-6bb47b99cf67dba0bcd3a3b113d73588","AggregationRelationship","","","id-4a3aa79b0c081801f112dd2bc84c0afd","id-4a3aa79b0c081801f112dd2bc84c0afd",""
"id-b0acfcd93ccd439865f41eb08ace0e22","AggregationRelationship","","","id-2b809503286fcb6ebabc0d1d5c9cf614","id-734982873d17c8ee00edf6a5b534bad1",""
"id-41f5d6263eebe009aaaa9e33ed5fbda4","AggregationRelationship","","","id-ea538452917a9a0efe72dec6283447af","id-343b852ea9a67dba33503043f6dfe93a",""
"id-e58f2985efd549be9e168430bc137d8a","AggregationRelationship","","","id-86618c84c07a401d852354ee433e8962","id-3f4a810ad7bd4697a842fbde17a9016d",""
"id-a8ca1d598ac0d447bffb7b6e7e109f8f","AggregationRelationship","","","id-7ab2b7c1c17821e137f586d0977d8e94","id-7c3e09b74558b42a2f0105ebf102fb3c",""
"id-c385ae782e40860bbf8b76a203d7db01","AggregationRelationship","","","id-ea538452917a9a0efe72dec6283447af","id-c5d1c057434415d58662a706d1f2e1a7",""
"id-296b121efad4401dace6717db900d29f","AggregationRelationship","","","id-9a9dffdbeb5b430ab24566f70835080d","id-c5575a57de88420d98425c5b1fcd64f4",""
"id-52eed7d797fb0e9b7360a2c270579345","AggregationRelationship","","","id-6b8bd176449ad6d5c5856c3d13b8449c","id-5866d94cdb9e38be492f9619ac28f2a9",""
"id-182f01f1c0462e000bc1c9f05c8c08dc","AggregationRelationship","","","id-6b8bd176449ad6d5c5856c3d13b8449c","id-838e455e786705d99a13d8d477150929",""
"id-abfd3f0e328addb7df384284e9f458d3","AggregationRelationship","","","id-6b8bd176449ad6d5c5856c3d13b8449c","id-e3c44a1400b2390142bff8db73bf5ebb",""
"id-aecf6368638794395b8e6aa39eabbbea","AggregationRelationship","","","id-bce65a19a59644ecd97d52c78e8fb070","id-c6d5ecd20711d003f4dd7fe91c9c5bb9",""
"id-1e0e232df4e69ac24b556023134deda6","AggregationRelationship","","","id-f5c3af3b9fe102cc3ea55db6725c5567","id-2c83794df6afbdba9c0b7f6a86d996d9",""
"id-fab2346bda1f6e72f1320b3385d2de8b","AggregationRelationship","","","id-95ac3e8a1faf6a6652229d2cf2c2232b","id-bdc7521f018e0289d47b49bd858eadbd",""
"id-d5fa0729fd3225befc4014bddb145dc3","AggregationRelationship","","","id-9addfc2a6a328527e71ce185152ba559","id-2aaeca43b02c50b61c5fbab10f3349c6",""
"id-ef9d3a20f478c6657b6113e83e8dc321","AggregationRelationship","","","id-ec02a8c52e881e468b7afcfc934fcec0","id-b09e367e83ea2bbfe340bdae5567a3ee",""
"id-5dcd9b327f4665b0835a0da3746068c4","AggregationRelationship","","","id-ac37226839189355b49ee4cf4ea539b6","id-e6762a3c1b5cb338d01ae3660a6545f7",""
"id-5d4923b52dc15f7ef2c4d004e88276c9","AggregationRelationship","","","id-0afdfc9e8539ec1c29cf3363a67d491f","id-7efd78fd6f46d2fd4dd77dc3e34a6a2f",""
"id-c9765fc6ce2dea5fc4ef4b15d480aa12","AggregationRelationship","","","id-bce65a19a59644ecd97d52c78e8fb070","id-8b8ac1101645193c9a27f4aa22f556ac",""
"id-2b9197641aa87ea82b215d237a20e609","AggregationRelationship","","","id-3e7f23c6b044b054b142fe45cd0f24a0","id-b3d25e24ab75c71fcef4d891590f5132",""
"id-1faba461373eccff328cfcb295425897","AggregationRelationship","","","id-715c34b375c33b2fe5d832fbffbcaf5c","id-15999cf59def1af67130495900502068",""
"id-60fc8a622f1e08913625e79fab21004c","AggregationRelationship","","","id-6b8bd176449ad6d5c5856c3d13b8449c","id-af37d4b1d653bc78ca6b0293a38cabc3",""
"id-b255d2a9c3c6437645eea6b83c2ebde8","AggregationRelationship","","","id-d6d70590963ef3752048f14bb389a69a","id-40421e1e3288c7068c9c3d88ab16d6e3",""
"id-0bcca003ab5158c6a9dd48dd600ea000","AggregationRelationship","","","id-1343bf85f07f72dd4ff300b30b29d320","id-aeadc7b18bd596fac71cf7cc00e2d428",""
"id-4440ff1897f7663527e394acb02699e8","AggregationRelationship","","","id-6b8bd176449ad6d5c5856c3d13b8449c","id-3fb18b103889242318ac2183a883061a",""
"id-0a286a3199ec191c09bda9ec9af6c1d6","AggregationRelationship","","","id-e1547d163a1f71025f42c92ad402705c","id-576c31d48739fba85d7bd7344cd9ad0a",""
"id-3f75875d25b407e70432531f8332f997","AggregationRelationship","","","id-58dfd7e7f4eccc3d2faea3b35fa7206c","id-8c920668777ee778d6daadda861c7d94",""
"id-00e2835008af559790dc8aa5590cc029","AggregationRelationship","","","id-28793771489fcac604bb2abc8398d758","id-907967854a1ca7aaf0f706581b69dc9e",""
"id-05e4eef8ab9acd1ef75855adf57692e2","AggregationRelationship","","","id-6b8bd176449ad6d5c5856c3d13b8449c","id-3747ea0f23d1ab5ba6222e07256e1d69",""
"id-961ef484bd07b545e2f1509e36d420dc","AggregationRelationship","","","id-ec02a8c52e881e468b7afcfc934fcec0","id-9135bebfc71668019130f6ab6f3a897d",""
"id-b7bcc133ff860512a99d90dda83bf350","AggregationRelationship","","","id-ea538452917a9a0efe72dec6283447af","id-6778094a42c185f41cec4cd89938acff",""
"id-57d3c3d9f5442beb8ce54aedb8745d30","AggregationRelationship","","","id-16b8e0e0b5d7f6881a85dd47976ccfe1","id-dc8cc618cb61046ba92bb3c3cba3095d",""
"id-0f3a8e368efa694e3b6bb5f4677ec20a","AggregationRelationship","","","id-6b8bd176449ad6d5c5856c3d13b8449c","id-f5c3af3b9fe102cc3ea55db6725c5567",""
"id-8b4374a9d24a48c5dd083b4bef8d77a1","AggregationRelationship","","","id-e1547d163a1f71025f42c92ad402705c","id-52038895476a4cc7b9ca31528d5c7046",""
"id-752f1a666e7f3499b6c9aa07599dfac9","AggregationRelationship","","","id-0c3477e829bcdfa433e4bb6415c35b68","id-b850df1dc6219f18c03bc0239c7d30e6",""
"id-4747b2c46bbb0ce8417c61416769ae06","AggregationRelationship","","","id-0a5bc760019f7c4cf23e5d599dcdb61c","id-d0350ed6940ca3096f32839144c2e5be",""
"id-2e4aebe47ba07a324749be3b827e51f6","AggregationRelationship","","","id-4a33f539cc5e48b6317fdaeb9e78d5ac","id-3d8daf30bea97b1f4ee448b5b7199cca",""
"id-e555dc6377d61d5f3bdf9e0bf92e921f","AggregationRelationship","","","id-ea538452917a9a0efe72dec6283447af","id-caf6ae96847007ae4e7fc654f67ed46f",""
"id-69f959774321cc398910a5ac9c7d1b85","AggregationRelationship","","","id-16b8e0e0b5d7f6881a85dd47976ccfe1","id-86281480f23e181909a56e544b2fc597",""
"id-50cab051daec484fd00cce6a8d76ad5e","AggregationRelationship","","","id-6b8bd176449ad6d5c5856c3d13b8449c","id-dacfa57d76e5aee96c0c510432266b05",""
"id-89bdc544290fe2bd76547d97bb075d75","AggregationRelationship","","","id-79c420ecf02285f8d8033118b1881f39","id-1b891cfaa1a2a9d1223ba85454150828",""
"id-57bdb28a6d6bb723db844720b9e5d8dc","AggregationRelationship","","","id-6b8bd176449ad6d5c5856c3d13b8449c","id-5c63b14b58d6988b38b055312d934aed",""
"id-d35107b0350f05bcbd5082960219cebf","AggregationRelationship","","","id-ec02a8c52e881e468b7afcfc934fcec0","id-e3bac713c8d6a3cba84166ab07d0c7ac",""
"id-b38aaee4eeba1c1073c8bbdee97e5bf7","AggregationRelationship","","","id-6b8bd176449ad6d5c5856c3d13b8449c","id-715c34b375c33b2fe5d832fbffbcaf5c",""
"id-b9e5a6270eef86fe3d5d6837278c2c66","AggregationRelationship","","","id-6b8bd176449ad6d5c5856c3d13b8449c","id-72fdc54abacd9b5662ba5391402a015e",""
"id-4bdad70f8414d0811c6ad118a7badaff","AggregationRelationship","","","id-ea538452917a9a0efe72dec6283447af","id-ac70d33d7394302d6b42f98ad4aee7b3",""
"id-d08e606d71c6002f2698231d30db454f","AggregationRelationship","","","id-f6529cd4570e881912734a7a683760f5","id-059155d9fd674c50663bf249f35fb9ad",""
"id-c7512c2e16fe454faf4ec0927569236b","AggregationRelationship","","","id-cebdcc7b62bc4d7ebaf935f0dab3000a","id-b8a775e3120049c6aee85741cce4681d",""
"id-60eccb866cb78e6153c59c1a39094fbb","AggregationRelationship","","","id-6b8bd176449ad6d5c5856c3d13b8449c","id-d7f781b89e21704020cf3deac0330e5f",""
"id-2ef3d836c8207d5317fc96fc9c6b4431","AggregationRelationship","","","id-9addfc2a6a328527e71ce185152ba559","id-cf92fcf8346ccb7098fc4d6ac23bf7e3",""
"id-6617633b213a4f8965e0f203f04ff0d7","AggregationRelationship","","","id-58dfd7e7f4eccc3d2faea3b35fa7206c","id-45dd7bc65b754281a8a7585fcd88ff8d",""
"id-b136aace69d1ae60dee0d33a273dd4b7","AggregationRelationship","","","id-ed1fe01470d0f3c8e31f9d0e7cdcf8eb","id-bf5b85698a48eb6dafe97cacf3f65401",""
"id-7f2f4d425174f260cf60a8b279f055d3","AggregationRelationship","","","id-ea538452917a9a0efe72dec6283447af","id-20eac54b771fe2ae885f704bdbdde6d1",""
"id-a12b0a691aa6ee68aeae14bee2dd868b","AggregationRelationship","","","id-e8ff7a3cafa2d9eee35b7eff3bc5b85a","id-58dfd7e7f4eccc3d2faea3b35fa7206c",""
"id-0eed51ed9607b990a1b5cee5e1be6a5f","AggregationRelationship","","","id-f7fd9a1096741ef0b0bd959e42e79b34","id-5fe1a58629d568b7c25085b82d0bf12f",""
"id-c267007b48cdb7faeba1997ec9127223","AggregationRelationship","","","id-9addfc2a6a328527e71ce185152ba559","id-ec77364fcb498d9cabf8c39e00c4fb1f",""
"id-d09a87125fae9451af00fcb726eb3a13","AggregationRelationship","","","id-4a33f539cc5e48b6317fdaeb9e78d5ac","id-30174840e3bb54b55c0e3871a527a838",""
"id-90d384af086c613153280216b877b6b3","AggregationRelationship","","","id-4a33f539cc5e48b6317fdaeb9e78d5ac","id-50b8f5ffbd5a54826b6e4a1cdd3e3133",""
"id-744a6a611ae2da768d5dbc3e1196520c","AggregationRelationship","","","id-726fc64dafffdcde009b68ced2afd7a7","id-798a11c85cdfdd98553c0cfc9b2887c8",""
"id-a59887ee77b70cb742fe4a1b0fb3f2df","AggregationRelationship","","","id-e1547d163a1f71025f42c92ad402705c","id-4de2d45fecc933a51ae1d85858316308",""
"id-894e725df14a1004a4a4c82c8b133c5e","AggregationRelationship","","","id-e1547d163a1f71025f42c92ad402705c","id-f108818f91a0f639ce7cd950345aafe5",""
"id-296e6706566a0f50809a8623c27df2fd","AggregationRelationship","","","id-a036b110ad5392c39b6912acd493812e","id-bad6cf2c8e04e8f05aa5f84ec80bbe22",""
"id-a959a1f839ef940233583b1322e5af9a","AggregationRelationship","","","id-4a33f539cc5e48b6317fdaeb9e78d5ac","id-28207261ebbff6538353bae083c8059a",""
"id-2d132f6e0127481e48515a952a6e4b81","AggregationRelationship","","","id-6b8bd176449ad6d5c5856c3d13b8449c","id-41274b3774979a21add107a160c6e5f7",""
"id-8f7e73a199af3fad795bebd984da7c87","AggregationRelationship","","","id-ea538452917a9a0efe72dec6283447af","id-1f4c1b10300a7c1c84cb89cecbf35cf3",""
"id-862858ace088defc78b0802c80620bae","AggregationRelationship","","","id-ea538452917a9a0efe72dec6283447af","id-09087edabebc4ca3cc37927983ad365c",""
"id-347ba02c092f4086a7909455de433eec","AggregationRelationship","","","id-e3f381dbd30a4029beb91a88917d7f90","id-3f4a810ad7bd4697a842fbde17a9016d",""
"id-ee2d6ab1767e1945aac76c03dc65169d","AggregationRelationship","","","id-6b8bd176449ad6d5c5856c3d13b8449c","id-801d780a2bf8b003bff305853c7bf9fe",""
"id-3a8b9891c58f68b1e073d2438e3f3d48","AggregationRelationship","","","id-6b8bd176449ad6d5c5856c3d13b8449c","id-cdc05266b00f076be00e93cb9774b9bc",""
"id-4e2f4f06aec8b446294f6b2f7bc5f4e9","AggregationRelationship","","","id-bd62cac964552427a3332d00b2057ce9","id-3da5d2cca036deb636d21a234b4472af",""
"id-496418e92ca2221312bdcb711ac6ba32","AggregationRelationship","","","id-a1e77f58ef56e5a5b276a2691eb2dbee","id-b48bd2420a8265d5f4cb447f0e301a06",""
"id-f97b9d3725e27d84daa85c24d33900e0","AggregationRelationship","","","id-81e856c6477cb4f71965190f87d519f8","id-882f0ccb56ed04d4f4ef6af9dcbd941d",""
"id-30384b9c08f1dba286fdc2a154d6d4fd","AggregationRelationship","","","id-6b8bd176449ad6d5c5856c3d13b8449c","id-d6b65b408f8216c64e8bada35427839c",""
"id-1ea00ba8f30a462884895e2f2d94f2ae","AggregationRelationship","","","id-eebea832a64940e58a61e503dbddbf43","id-088678c474ce4d56907d3a6f24b46c3b",""
"id-de88d95c8d2b4ec30d726463d3a03740","AggregationRelationship","","","id-ea538452917a9a0efe72dec6283447af","id-d6fdaba1390e29f8eeabe3108a0b47b4",""
"id-2d9e3941891a72b62984f33ad38db087","AggregationRelationship","","","id-ea538452917a9a0efe72dec6283447af","id-c9421ad649c81b97d3322afdb616db26",""
"id-8f1f8136de0a1e3c4ad0cc628f5d4d8e","AggregationRelationship","","","id-28793771489fcac604bb2abc8398d758","id-04d19e22f51ad13a01a67e873b3db836",""
"id-bddf9949536d52725db615f9172d16ee","AggregationRelationship","","","id-f7fd9a1096741ef0b0bd959e42e79b34","id-b59de3d9a274433973669121938ffd2a",""
"id-d8a3178fffbe4dddf5e040e0a1933577","AggregationRelationship","","","id-bf2fe8a90d804b594eda9ac634ac1b70","id-3ad28ccc5ee3c5e5b640fd5f642f7e9d",""
"id-6a1bc624239596c19dca192a5614fa5b","AggregationRelationship","","","id-8b84a3e8f3c1e985eb1c3503795068e5","id-810c4ae650452e79787d72dc1e445aca",""
"id-7c3ade7518010a89e1c512abd6a45219","AggregationRelationship","","","id-ec02a8c52e881e468b7afcfc934fcec0","id-de1eaa67ac2f6b8e1f38b13230ab5873",""
"id-b732da83f780f7711b6fa6aa5b5ea689","AggregationRelationship","","","id-ea538452917a9a0efe72dec6283447af","id-1be6913db008ae5353bfe92bae30baeb",""
"id-adf4200f1d1228cb740484ad9f7dbb3d","AggregationRelationship","","","id-28793771489fcac604bb2abc8398d758","id-890e139f1fce38a59c6417b1ee4426ba",""
"id-99b77e07551593d33da479232aaf09dc","AggregationRelationship","","","id-edd8952e22b285cb01503d071389e9f5","id-dbe6dbf16cd5a897f04c1fd8680b59c4",""
"id-fdd3205305ec3d81640a4749bc17b948","AggregationRelationship","","","id-6b8bd176449ad6d5c5856c3d13b8449c","id-a59d3706165c21c8adaf6538c5535395",""
"id-2546f1856b74617b02ce4f0ee0f49b85","AggregationRelationship","","","id-e1547d163a1f71025f42c92ad402705c","id-a7796fa5861153981a981589251e2cf6",""
"id-00e9c809db5bc825a187f35337c46036","AggregationRelationship","","","id-4a33f539cc5e48b6317fdaeb9e78d5ac","id-f31ee7071bab72879a1ec8c9f81e9e00",""
"id-6dc434cd25145b5f98eb2e69bba98e7b","AggregationRelationship","","","id-6b8bd176449ad6d5c5856c3d13b8449c","id-b369b7c2b06c6b1704e31710839ea079",""
"id-5ebcaa3773683e2ef4ad9da24b624c3e","AggregationRelationship","","","id-9addfc2a6a328527e71ce185152ba559","id-aa67e2e5b56dd455488d6db14bfc086e",""
"id-dfda94f24a9f0d8a9cc5c7c5e6fbdf8b","AggregationRelationship","","","id-0c3477e829bcdfa433e4bb6415c35b68","id-4c368b24cede12367fd35fdec74aa3db",""
"id-389630392a2c6450bfd3d29277dc0fcf","AggregationRelationship","","","id-3b58857e92cb701b4b2911399add2741","id-d5cacfcc7ccc388e881544a6e99bbab6",""
"id-013e883c3ef3ac45f6507a6f513a20a7","AggregationRelationship","","","id-f99e9c49b7a49de8a798958eb0629814","id-6fa282d77e75d9e3c1c6c47d7b0209e7",""
"id-a88ee85d245f25fef054e426674fcd3f","AggregationRelationship","","","id-3b58857e92cb701b4b2911399add2741","id-1974e1d55a4b79fe545c5bac251303c0",""
"id-830fe5c7d572db26a73a56f43df87651","AggregationRelationship","","","id-6b8bd176449ad6d5c5856c3d13b8449c","id-4b2d6c2053352b65962f9db2a6fdfc94",""
"id-28e075218071fdcebd943353e730d8d0","AggregationRelationship","","","id-9addfc2a6a328527e71ce185152ba559","id-b4e229e94e8e897db0a6a44989f5c53f",""
"id-f5db8093bdd8acf0a0fb24025fec61d5","AggregationRelationship","","","id-9ce4ed39df39d31233c9e2b75416d92f","id-9ce4ed39df39d31233c9e2b75416d92f",""
"id-0c65e8875528ffcce170666be54bd36d","AggregationRelationship","","","id-c30e05485c72ec3386f686e4962fe1cc","id-e8ff7a3cafa2d9eee35b7eff3bc5b85a",""
"id-d684c75ebca69ef988471f993eb8e348","AggregationRelationship","","","id-ea538452917a9a0efe72dec6283447af","id-ff2b93631d57b7ad4748acb55353937d",""
"id-523926d4a54c89c5e390e04f42b73a5b","AggregationRelationship","","","id-5da59973308bf9dd4865ead036953788","id-773c032fdaa883118e46e65cd16c50ff",""
"id-60830268fe12fa24b61e26bed530058e","AggregationRelationship","","","id-ea538452917a9a0efe72dec6283447af","id-2d717117233012c3925d60f9258eb463",""
"id-fd4d0f1a886613f2943c00103ec7218e","AggregationRelationship","","","id-0a5bc760019f7c4cf23e5d599dcdb61c","id-7aaca9f8e816eae193a731412ac5def0",""
"id-cdbac009256eabb221cca32c119fbe08","AggregationRelationship","","","id-ea538452917a9a0efe72dec6283447af","id-8a7705ad3e4f747c53707ec5e89fd350",""
"id-07051b57bd04e191903713f7e21b083a","AggregationRelationship","","","id-6b8bd176449ad6d5c5856c3d13b8449c","id-f42629d4515fc2cc75010a30ceee158e",""
"id-56e9980a56ce6085f0126454df24d771","AggregationRelationship","","","id-58dfd7e7f4eccc3d2faea3b35fa7206c","id-bf1303d035e86e9c711f274a43d4ddea",""
"id-849cdddc07164279abf67652b79eded2","AggregationRelationship","","","id-8dcc848d4e7f4cf5bfe7b24a7bfe4b15","id-11e48dc22c9f485f858ecc2b70bc0b14",""
"id-2c9f3d884d8b8fb145a091eb04879d95","AggregationRelationship","","","id-ec02a8c52e881e468b7afcfc934fcec0","id-9b304b9b4eb5ccd5991441fd861e614c",""
"id-5c004b700d05a1b401bf29db287b237a","AggregationRelationship","","","id-4a33f539cc5e48b6317fdaeb9e78d5ac","id-a88bbeb92a6025fcaae13d1636160bc1",""
"id-7c30d5fcb9d656f2fdebb15a8efccd33","AggregationRelationship","","","id-890e139f1fce38a59c6417b1ee4426ba","id-6c59ebdf1cff078604b405a5ae590a6b",""
"id-51356982ba3b505d3bf77747dd86ec41","AggregationRelationship","","","id-ea538452917a9a0efe72dec6283447af","id-bcd975f6dc5d084578ff0ef334b8879a",""
"id-acfac11b41dca522b253b21df844d85f","AggregationRelationship","","","id-7652fbb02873e2fe8e99c64c5f22f582","id-ab41f26897d6856a940f1ddef78ad782",""
"id-2cacb6f22303319dbe954efca565ccc0","AggregationRelationship","","","id-6d5fa924e13a21b7b8693efc69c8ff50","id-382ef61660c6101c195b9c59a2fc044f",""
"id-534c90568f9d0106f99c5c43c733ce66","AggregationRelationship","","","id-3546905a32470b32490290689c6ba8c8","id-b50abdc9ed47f53b977ccc66ce7dc55c",""
"id-21dbf652e32478676959f5e5c64e7aff","AggregationRelationship","","","id-e1547d163a1f71025f42c92ad402705c","id-fda5dfffa1301ead433679ae2a2dcd8a",""
"id-e8d4103be0d9b89b6696e77e4d289926","AggregationRelationship","","","id-ea538452917a9a0efe72dec6283447af","id-f88ec242e3fbff747f48364ffa01237d",""
"id-5fc0bb50128cc0a9e2cc219384616e89","AggregationRelationship","","","id-ea538452917a9a0efe72dec6283447af","id-afcc946d945cb971985c2ff7666437ec",""
"id-bf1490dacaab79f00f3a13a67507fc7d","AggregationRelationship","","","id-6b8bd176449ad6d5c5856c3d13b8449c","id-27efc8c2194fd139e32fded2e22a0c60",""
"id-5b3d639608879a90e1ba0faef43659b1","AggregationRelationship","","","id-ea538452917a9a0efe72dec6283447af","id-6149f988d2d93ec21e937bb13b8dbb63",""
"id-93fbfd6f9ec4c27ac4648452f2b44b8f","AggregationRelationship","","","id-726fc64dafffdcde009b68ced2afd7a7","id-c5d1c057434415d58662a706d1f2e1a7",""
"id-a4eec4112206bc974f3762f6d642b25c","AggregationRelationship","","","id-6b8bd176449ad6d5c5856c3d13b8449c","id-cf74b1921b60f84f65df1bf486770fb7",""
"id-754e4a6549a7341f6db04e1e42d7697f","AggregationRelationship","","","id-7652fbb02873e2fe8e99c64c5f22f582","id-949164485e5ba08eefc1d2d5d340ba97",""
"id-ea07abfbbbeec9395272c2ce088d6c5a","AggregationRelationship","","","id-e1547d163a1f71025f42c92ad402705c","id-b7130397ec00c0b4f5e1a713ce4a8736",""
"id-d9107aa7000b1ca2ca13fc23656423df","AggregationRelationship","","","id-ea538452917a9a0efe72dec6283447af","id-6d82b796108e0e8efdc61da7036922d0",""
"id-14d85c5ad1287922b29b807e11b4cf57","AggregationRelationship","","","id-6b8bd176449ad6d5c5856c3d13b8449c","id-2ea5452e7294b7a3ea219fb8a5c978f8",""
"id-82cc549f8a6dd817f4d9b64cc5a2bc3e","AggregationRelationship","","","id-9e886fc354299b7bfab29f6c757cee05","id-e7b1bfbe6ce4361b79664c61633d0352",""
"id-5a666427da2e1fdc37fe57602af5fda3","AggregationRelationship","","","id-5da59973308bf9dd4865ead036953788","id-46069ab93026d5015313eec11e8880b3",""
"id-952458cb91f34f84763761ccc809a0e0","AggregationRelationship","","","id-6b8bd176449ad6d5c5856c3d13b8449c","id-2598c7872c8ee403b0a552d6c3f678fb",""
"id-6ca58611ff17487085e7283343889284","AggregationRelationship","","","id-cebdcc7b62bc4d7ebaf935f0dab3000a","id-4779924957414d589ac2054be2d96830",""
"id-7b04927e00bd224041a90d915f4cc805","AggregationRelationship","","","id-ea538452917a9a0efe72dec6283447af","id-e7489d4e4428f632d2cfd3056cf92e91",""
"id-11b3b93cc16e5d78545a5b67f71a29dc","AggregationRelationship","","","id-9addfc2a6a328527e71ce185152ba559","id-1b2822b87d3816dc03aad0c7965fea19",""
"id-987c9c5a21ad9f5c010152f181274cd4","AggregationRelationship","","","id-4a33f539cc5e48b6317fdaeb9e78d5ac","id-97bbbe75e3f3e9c1a77467ad0d534645",""
"id-6d9fd284c6a8f2e1635662f9ced2c03d","AggregationRelationship","","","id-1d3c32c2d33c191901bbfa9293081c8d","id-add4e200cbe06a3d9100d49874c8d6df",""
"id-aed4114cb72697efce0f1b67aa19df56","AggregationRelationship","","","id-ea538452917a9a0efe72dec6283447af","id-1c440362dc2d1fed6d17d9419a94fd97",""
"id-4033b5bd19109c25688a6f90440b43b5","AggregationRelationship","","","id-e1547d163a1f71025f42c92ad402705c","id-e7e0ed6c463049def8617063953bbef3",""
"id-6f6573338ae751a4c0f3c8be57b137d5","AggregationRelationship","","","id-819e7ef01fe9b49c368d64cd35a25245","id-0f67c9f8543b401086459db7d8927b05",""
"id-ffa6e01f7867da8053769743e7d1421f","AggregationRelationship","","","id-0a5bc760019f7c4cf23e5d599dcdb61c","id-195ff873e4222a93648a78be13fb1646",""
"id-6a25b2cfc8ee4ed394d81e506c49f2f5","AggregationRelationship","","","id-a036b110ad5392c39b6912acd493812e","id-d159c0f8f8d71c044f080246ddad3209",""
"id-77d59ce6990dab3d860a6aaf533baa62","AggregationRelationship","","","id-ea538452917a9a0efe72dec6283447af","id-74cc7b373aecde8f373f3346a61caffe",""
"id-60682e3d9f6134b5592ea2edbddaf62d","AggregationRelationship","","","id-6b8bd176449ad6d5c5856c3d13b8449c","id-02fbda5e4bdefb727fbea2546c429fa1",""
"id-13767752beca44bfce4b94b3e3c4a25c","AggregationRelationship","","","id-5da59973308bf9dd4865ead036953788","id-5a392d0ecb8a2cbf1713595b47f6e65d",""
"id-3b750fb6eec008999ed4a128057ea3d7","AggregationRelationship","","","id-075ced1b09ee36197ed8038dc9a95de4","id-80835b7dffa7270bbdf9d130a6914bc4",""
"id-1cd9a5d702d0f7b74872e01ce8dece06","AggregationRelationship","","","id-ec02a8c52e881e468b7afcfc934fcec0","id-ebc74d529450c5e7109b11e6b4bb6b2b",""
"id-4b7d72d292d34292ce1c7ab7f6bacb01","AggregationRelationship","","","id-ec02a8c52e881e468b7afcfc934fcec0","id-cf74b1921b60f84f65df1bf486770fb7",""
"id-d76753dd913160d3ef2d503b8c50dce1","AggregationRelationship","","","id-4a33f539cc5e48b6317fdaeb9e78d5ac","id-729fd28deddbbf81760a253165b43e51",""
"id-4bcdd3330ec6f4c2537b67771f6b8e97","AggregationRelationship","","","id-9addfc2a6a328527e71ce185152ba559","id-19280d21fec20d8c7b2aa15bbfaa6add",""
"id-cf58be4f4cb1afbd86608552c2702f0d","AggregationRelationship","","","id-9addfc2a6a328527e71ce185152ba559","id-dbe6dbf16cd5a897f04c1fd8680b59c4",""
"id-5c2d3f1403f82e381631bab522b6275b","AggregationRelationship","","","id-5da59973308bf9dd4865ead036953788","id-f108818f91a0f639ce7cd950345aafe5",""
"id-f570fbc64abd2e584914fd30b921007b","AggregationRelationship","","","id-4a33f539cc5e48b6317fdaeb9e78d5ac","id-21824bff1756c86d09efe193bb546e02",""
"id-0951991af3978408260888becfab8a39","AggregationRelationship","","","id-c6170a5c9870850847938493cb8916f8","id-654afae45055382ea5e573545c476068",""
"id-0b1ca48716178d014dee7c8779bffac6","AggregationRelationship","","","id-5da59973308bf9dd4865ead036953788","id-a60834721ac8011c113715b349938171",""
"id-d4338022a7683fc0beb32691f1e5d916","AggregationRelationship","","","id-ec02a8c52e881e468b7afcfc934fcec0","id-fbada262e89d52ac2f6229a725118576",""
"id-a10785ebde3ed4f1899ac55b571295f1","AggregationRelationship","","","id-f99e9c49b7a49de8a798958eb0629814","id-bf1a760f9532d2226aed5967a500398f",""
"id-e694d866d1f729478a29cef51c4d1c02","AggregationRelationship","","","id-28793771489fcac604bb2abc8398d758","id-7146404a4b7866dafaf6de0f3e7e7c86",""
"id-241b2a140e4f0c68a5611537b2e8d9e3","AggregationRelationship","","","id-7ab2b7c1c17821e137f586d0977d8e94","id-7efd78fd6f46d2fd4dd77dc3e34a6a2f",""
"id-a58ff415147b49fbd8eaea5cb02a5c03","AggregationRelationship","","","id-28fa77cf1a02f631961b170e71c2d0e7","id-efbfe610d19b665eabdc7b8afbced7dc",""
"id-00d6dc6a125c83769ed83a36804eea03","AggregationRelationship","","","id-28793771489fcac604bb2abc8398d758","id-145e65ec86e7dc66ddfb2704b60e154d",""
"id-e8d872f0acf148da09569892832570a1","AggregationRelationship","","","id-7efd78fd6f46d2fd4dd77dc3e34a6a2f","id-f7c05f02eafc1819ea8e3aa8669ecd44",""
"id-f2c9443c17ec42cd82d55e28dc8b359a","AggregationRelationship","","","id-cebdcc7b62bc4d7ebaf935f0dab3000a","id-b8b92c7df19e43ffa6f0bf040742fae2",""
"id-b52fa0aad118e4985f169ded4f1a0788","AggregationRelationship","","","id-819e7ef01fe9b49c368d64cd35a25245","id-1b0fa874a5d68cf3547a5f85c04e9685",""
"id-d1f6d477cb8c6bf1c669a5af07aa6984","AggregationRelationship","","","id-e1547d163a1f71025f42c92ad402705c","id-0277cac6bda66f496a3c52d8c656af73",""
"id-28c0e463518e5e096723d3bd89f24485","AggregationRelationship","","","id-075ced1b09ee36197ed8038dc9a95de4","id-0121019e678dbeff58f87458774e15a7",""
"id-68b960d3be7308f28738f8865f476031","AggregationRelationship","","","id-ec02a8c52e881e468b7afcfc934fcec0","id-c959907158b2803dc0380c7fe0b16055",""
"id-95a857f5ab8b42519284f3c2f02a8180","AggregationRelationship","","","id-e3f381dbd30a4029beb91a88917d7f90","id-f6cb9e3eb392458793546217d18a8204",""
"id-feb2bb3209a61d9958bf53ffafee19d5","AggregationRelationship","","","id-29b97d01f368edc9ff9c98e5076115f4","id-9f3bb034303c1d02042b320d38596754",""
"id-13f54bee37525a94a6583605bf871af6","AggregationRelationship","","","id-4a33f539cc5e48b6317fdaeb9e78d5ac","id-84278e91abe974661c1639494f7262ed",""
"id-4f76ef84aeffa19463813cded5e5db1e","AggregationRelationship","","","id-d38e46927cb5ac0bdb7c99ec6031d18a","id-d24d5937536ba7b4256d72462508265c",""
"id-35ce345f003f5dd3cc1d4961178a898f","AggregationRelationship","","","id-607aa96e4a2005fba85fe045f62b8747","id-87f08873022f92b5a853889712cb7fac",""
"id-d5f183b8786182a56c95ccea9ee3cc4d","AggregationRelationship","","","id-9addfc2a6a328527e71ce185152ba559","id-a0b4e7bcbd623d8b81d5f7612388206d",""
"id-b3bbac8f735826beff4c2db069070fd5","AggregationRelationship","","","id-58dfd7e7f4eccc3d2faea3b35fa7206c","id-7aa50a60eb993ddb3cbf61a39b2f3d7d",""
"id-0d5cf40d9d57aa9b511e2658e2822be2","AggregationRelationship","","","id-ea538452917a9a0efe72dec6283447af","id-d7a6d688eb7c2872f8d42ee489c20ef3",""
"id-87cb37d4668c32a63552724fdb693b82","AggregationRelationship","","","id-ea538452917a9a0efe72dec6283447af","id-539651cfca920a4f89a34c899f5bfed2",""
"id-2b351565adb75e11721719194cea0c0d","AggregationRelationship","","","id-6b8bd176449ad6d5c5856c3d13b8449c","id-26118fde5267c80fb87e5ac84212c2c9",""
"id-c345071c966cccebe602517c4348e738","AggregationRelationship","","","id-1ad00d126b9d90d32411f1fe601ef5f5","id-2c324764291f71503b1625bd6a5afc51",""
"id-c9f8293e449c9e002b9ce6f70b331e64","AggregationRelationship","","","id-a1e77f58ef56e5a5b276a2691eb2dbee","id-2c9515cc27b21c8c9d19e7d28735d8be",""
"id-62d8f5b8043f671c566c9cbdbe44c33f","AggregationRelationship","","","id-ea538452917a9a0efe72dec6283447af","id-b5494b9464e228c9e7db7ab767767822",""
"id-dc0d6041229c5de32cc28122af772457","AggregationRelationship","","","id-ea538452917a9a0efe72dec6283447af","id-b6da7cd4d825ccf8b2f98930a26a1abb",""
"id-392f1e9599de166b4342aa031e21a6a0","AggregationRelationship","","","id-28793771489fcac604bb2abc8398d758","id-a23c3fa2652e6537aa44a871ff8ff981",""
"id-4207acbe882b619810cc43af345c4c6e","AggregationRelationship","","","id-ec02a8c52e881e468b7afcfc934fcec0","id-e179b1c26dfccab134b465cacf6a3013",""
"id-2d2048aae6f6b76ab0ddfd7e948e7478","AggregationRelationship","","","id-e1547d163a1f71025f42c92ad402705c","id-d7f7fa06d5f4cae1bf6e570a52182704",""
"id-1d52b45352c3aba1d0a5dab1fdd83167","AggregationRelationship","","","id-e1547d163a1f71025f42c92ad402705c","id-3f4b68754d70cf93512d693d35d01096",""
"id-8fe6bb425431542bff9177e5394c62ec","AggregationRelationship","","","id-ea538452917a9a0efe72dec6283447af","id-b8debc9af89b06842030a79df4ceaff2",""
"id-3a84a5838dc791115390f0c321bbdab7","AggregationRelationship","","","id-9addfc2a6a328527e71ce185152ba559","id-af37d4b1d653bc78ca6b0293a38cabc3",""
"id-a624fa60463bb9077c11aa1de30e3e29","AggregationRelationship","","","id-5da59973308bf9dd4865ead036953788","id-43d468312f1bffe666e89d50754d2ba5",""
"id-31491d031e83a7c54f5d793a6ed13b04","AggregationRelationship","","","id-a104bfb057584af0f903d0e2b7b0ecc6","id-97661a92cb32d5e2910adf24273fa95f",""
"id-a7aef55974e09eab44782516642a118d","AggregationRelationship","","","id-ec02a8c52e881e468b7afcfc934fcec0","id-24809b00b1b8de80c70e60fac3df8368",""
"id-8bcab57e0aecc28fff011bccb648ea77","AggregationRelationship","","","id-4a33f539cc5e48b6317fdaeb9e78d5ac","id-98e3473ea45cb4db43555eda0c07146d",""
"id-4c3fd47d1a97d02f4f218c86a83e53be","AggregationRelationship","","","id-6b8bd176449ad6d5c5856c3d13b8449c","id-ffa5e88028a913cb4072aca388f66a43",""
"id-2126994754c938ce4c084a86553d2497","AggregationRelationship","","","id-726fc64dafffdcde009b68ced2afd7a7","id-8d7dace523e88b6721ec61e3ea4b583f",""
"id-4eef2d1872400520bc9a68293a349f18","AggregationRelationship","","","id-6d5fa924e13a21b7b8693efc69c8ff50","id-16b8e0e0b5d7f6881a85dd47976ccfe1",""
"id-4fda5dbaf9703e5a61f7d3c51a2113c9","AggregationRelationship","","","id-6b8bd176449ad6d5c5856c3d13b8449c","id-35d5402d34efb2bff366371731c85c79",""
"id-ad6ac55f375c8b317e24d3e2484a7ca9","AggregationRelationship","","","id-ec02a8c52e881e468b7afcfc934fcec0","id-b828875867ca1b25b4cb4458753853a3",""
"id-445a3e7dbb58cc5096025a0a07f66213","AggregationRelationship","","","id-6b8bd176449ad6d5c5856c3d13b8449c","id-3ad28ccc5ee3c5e5b640fd5f642f7e9d",""
"id-398e9e60c2a3cb3996113898e0d9a519","AggregationRelationship","","","id-1343bf85f07f72dd4ff300b30b29d320","id-355e1984ad1b6820449499e30cea578d",""
"id-45a1dca4f63550f6303b01e22de1a4b1","AggregationRelationship","","","id-ea538452917a9a0efe72dec6283447af","id-c2f61f9d18602265318b897fbab96154",""
"id-586cda530b8389d43c1b79c436290337","AggregationRelationship","","","id-ec02a8c52e881e468b7afcfc934fcec0","id-2ea5452e7294b7a3ea219fb8a5c978f8",""
"id-a3ee65d2b079f941725df043abef3c7d","AggregationRelationship","","","id-4a33f539cc5e48b6317fdaeb9e78d5ac","id-b882fb9b3a5038cebcbd0ab12a935301",""
"id-25258329566c39d91054db1d270d7ebd","AggregationRelationship","","","id-6b8bd176449ad6d5c5856c3d13b8449c","id-83714d17dcad428a5e13a76f09a045a7",""
"id-318053f53f82bed86ae3533885d96964","AggregationRelationship","","","id-d5fa720c1960a378c77d9ab5b608d06d","id-ff8cb595cb5e1c53129e869e6dc2f73d",""
"id-80f59ef4e903ea1bb84b1e0fc7f6ed95","AggregationRelationship","","","id-584ebf14c9049c775936aefec6dc655c","id-a6d34929fb6f3e26fab8d58ed3e3f94c",""
"id-2d0821cc4181c9d5f18a4ceace1d9151","AggregationRelationship","","","id-9addfc2a6a328527e71ce185152ba559","id-576c31d48739fba85d7bd7344cd9ad0a",""
"id-e1d42653b07b90b8ba9c6a426f0b8899","AggregationRelationship","","","id-6b8bd176449ad6d5c5856c3d13b8449c","id-67fe71bea48e705cf3e096f93c39fdc0",""
"id-7851a61193102b0d1f5860053df5c2c1","AggregationRelationship","","","id-28793771489fcac604bb2abc8398d758","id-c30e05485c72ec3386f686e4962fe1cc",""
"id-4f36055bd7355715b3a01d4fa65f18c9","AggregationRelationship","","","id-28fa77cf1a02f631961b170e71c2d0e7","id-3011f907bfdd11429b4409833f4f1a1a",""
"id-6e73a292e7a886d59480ef734e2542e1","AggregationRelationship","","","id-9addfc2a6a328527e71ce185152ba559","id-a7796fa5861153981a981589251e2cf6",""
"id-224c3ff5e61ac07b7d363f021fd6cfbc","AggregationRelationship","","","id-9addfc2a6a328527e71ce185152ba559","id-4de2d45fecc933a51ae1d85858316308",""
"id-7cc507ed5c9f23ab4fa28bd384b0ee15","AggregationRelationship","","","id-c1f600836fbc2422e5df1ccf72f5d148","id-8322c67ae48003815d71302df22e6d9b",""
"id-fd17d6b6d9de5328b0ced8f7ede63f12","AggregationRelationship","","","id-ea538452917a9a0efe72dec6283447af","id-3bdaf239ff39360516fcdad0c4d77aea",""
"id-ccb33288ca429ee56a4166d83ff9832e","AggregationRelationship","","","id-2b809503286fcb6ebabc0d1d5c9cf614","id-a54c3bcc5f65c366537214816ba595d1",""
"id-ff5da0256a7ee66c9e7f58e92d47c49f","AggregationRelationship","","","id-ea538452917a9a0efe72dec6283447af","id-7c39681a35804a2bef94107e1a8d44dc",""
"id-6650d0a9b5e7636164db717077dba56d","AggregationRelationship","","","id-c1f600836fbc2422e5df1ccf72f5d148","id-3b546991e4308aee7f5e67e06e1698a6",""
"id-6bb30e5da2064a2fb27d55cfebacff1b","AggregationRelationship","","","id-cebdcc7b62bc4d7ebaf935f0dab3000a","id-8dcc848d4e7f4cf5bfe7b24a7bfe4b15",""
"id-7aeff5730e6fbca56a2b5a007f28ed38","AggregationRelationship","","","id-e8ff7a3cafa2d9eee35b7eff3bc5b85a","id-b8cebcf1c03575e3a47a6707fc3d9df2",""
"id-811f44c9df1d9c501d07146ad41e51b5","AggregationRelationship","","","id-c1f600836fbc2422e5df1ccf72f5d148","id-57243627714296d689bed4fd7aa82698",""
"id-c338ac5909756715d70bd5cc547eb1b2","AggregationRelationship","","","id-715c34b375c33b2fe5d832fbffbcaf5c","id-3830561200a795c62ade8ad3304b7e86",""
"id-212fadb7be6d143ccff799de13aee6b1","AggregationRelationship","","","id-5da59973308bf9dd4865ead036953788","id-17328ed9350743a9ecdfa5dda39fe43e",""
"id-3a336670bc5849c51e6a626fec2eec63","AggregationRelationship","","","id-ea538452917a9a0efe72dec6283447af","id-ed7850f2273900840bacb672c44f8f1f",""
"id-8238e54fc968caa52356e517e9251bf6","AggregationRelationship","","","id-26689b2b6b07934972c8a6c5db349157","id-5c2cdcb29669df467f8ab44792483469",""
"id-6ed242efdcfd0ee082b75370e195c00a","AggregationRelationship","","","id-ac37226839189355b49ee4cf4ea539b6","id-bf1303d035e86e9c711f274a43d4ddea",""
"id-0a438a6ce99122139a73b3c887646580","AggregationRelationship","","","id-5da59973308bf9dd4865ead036953788","id-3c83159e38e529d08c9e409951eade09",""
"id-cd3be4447c0127dcef300e368756df95","AggregationRelationship","","","id-7652fbb02873e2fe8e99c64c5f22f582","id-2484f4e1022fd11297f555b83043ad0c",""
"id-bd5b0ee4d69b6d0845c25cd433534779","AggregationRelationship","","","id-9addfc2a6a328527e71ce185152ba559","id-f5507a0947858be616831202e8e9e824",""
"id-292be398e2e3475bb728b90d57ebc377","AggregationRelationship","","","id-9a9dffdbeb5b430ab24566f70835080d","id-14e78360dea045bfb846f8eb95c8affc",""
"id-1331f970087c56293db410e34278624c","AggregationRelationship","","","id-1a2fa8d8128e0752153a8907d308cfa6","id-784fff44f26123245508530f3fb371ec",""
"id-04ea6ae9b445d42b1c814571b72ee144","AggregationRelationship","","","id-e1547d163a1f71025f42c92ad402705c","id-0eb6b0c2f68b26f6febce154c65e133c",""
"id-579ac6ba34975eff0603f6e769a1a1d7","AggregationRelationship","","","id-4a33f539cc5e48b6317fdaeb9e78d5ac","id-0c97e94cb61db672d4802b8e9c7c034c",""
"id-b4067af0d6bfb0308827cc2aa3a07a3f","AggregationRelationship","","","id-ea538452917a9a0efe72dec6283447af","id-bd62cac964552427a3332d00b2057ce9",""
"id-d6db6390303f9938507b7e53e17d698d","AggregationRelationship","","","id-5da59973308bf9dd4865ead036953788","id-bce65a19a59644ecd97d52c78e8fb070",""
"id-94256bababf2b205635697531923e27c","AggregationRelationship","","","id-3546905a32470b32490290689c6ba8c8","id-5763dca7ea3427a38f3ee86155c6d3b1",""
"id-531ab20818f926340f2dc07ec0a5b37a","AggregationRelationship","","","id-075ced1b09ee36197ed8038dc9a95de4","id-32489dabe8bfad3b9498e7fc69447b35",""
"id-2742ddb4ae13654e2c379b369ab6d798","AggregationRelationship","","","id-6b8bd176449ad6d5c5856c3d13b8449c","id-82df9c694af25afea4fadd58712603bc",""
"id-34737e04292ddfda79df6abe8ab5dc6e","AggregationRelationship","","","id-6b8bd176449ad6d5c5856c3d13b8449c","id-f5ac0b15225f7d6a022e2ca0146dfbac",""
"id-28a563f1a89b89cc597a720acdf55bc4","AggregationRelationship","","","id-6b8bd176449ad6d5c5856c3d13b8449c","id-dcebacf8dc1f899fbf9a60fa1d774172",""
"id-b17157c87bb7306939563b9f9bdcf881","AggregationRelationship","","","id-ec02a8c52e881e468b7afcfc934fcec0","id-5dd15a4e81c1d6d9717ce6c8b252eb63",""
"id-4967186befdc15af8c5a1e8764ba1791","AggregationRelationship","","","id-ea538452917a9a0efe72dec6283447af","id-0c5dc130d8f0012844ced9ce2b7d8400",""
"id-244c07dae6a7fe67c24eac38f0550a90","AggregationRelationship","","","id-6b8bd176449ad6d5c5856c3d13b8449c","id-f521e77d5006f85a05218b4eab913438",""
"id-eb27fd3d53c251575d00783e36f7f9a7","AggregationRelationship","","","id-6d5fa924e13a21b7b8693efc69c8ff50","id-dfd6bb5efb42d255c8cd051dd3528732",""
"id-1764f11a777110ff6c0e993de2964121","AggregationRelationship","","","id-3104e3ff241a119e5910691b30dc894a","id-fe0c862b2d0d3f0e792c35a912a2603d",""
"id-17ec2e7198435a00f3bfb6440032ea35","AggregationRelationship","","","id-ec02a8c52e881e468b7afcfc934fcec0","id-5e8f9676410bca6d4072bef692c20cef",""
"id-f5e3eefee563e16dc6302e5c07a4dbbd","AggregationRelationship","","","id-6b8bd176449ad6d5c5856c3d13b8449c","id-4f13f8885040a5dbbe5c3cad8bd732a7",""
"id-449f2bdb825e1003c532884eb1fa47b1","AggregationRelationship","","","id-4a33f539cc5e48b6317fdaeb9e78d5ac","id-9952066933d5aebd96b581b83180dbe6",""
"id-4aa6dbeb53714478b2743c0944c82ca1","AggregationRelationship","","","id-593afc4539b848c880359f290abcf86c","id-c0ad8e183e9741e6a2d42d4ff91036a4",""
"id-8b47c604104e870314b7d8cc824445ce","AggregationRelationship","","","id-6b8bd176449ad6d5c5856c3d13b8449c","id-283c3b0e01e1e74cf8ce954fcc8b0775",""
"id-9fd35d7fa6ee7f705cca0c39015ca49f","AggregationRelationship","","","id-e1547d163a1f71025f42c92ad402705c","id-cf92fcf8346ccb7098fc4d6ac23bf7e3",""
"id-79d43a4ca7e2b8c2664a6d3858765df4","AggregationRelationship","","","id-64a909603a4fd238f36508109b9a9d8e","id-c37e484956a14457ccf301fbeae20c5d",""
"id-76292f399b5a0de396e7b16c5d4b33dd","AggregationRelationship","","","id-1aa05fc534e4d2a9be6297d76ac09b79","id-a54c3bcc5f65c366537214816ba595d1",""
"id-9f51f5c586ec20a00875082836c073b0","AggregationRelationship","","","id-ea538452917a9a0efe72dec6283447af","id-b342dbf6e86b51846f94183e69798bf3",""
"id-8e10866a822a7492446d3c22cddabb6b","AggregationRelationship","","","id-ea538452917a9a0efe72dec6283447af","id-b9aa31c4068ebee03b3f4743a1d27fd0",""
"id-5d20342880904a2285d97920a3d23e99","AggregationRelationship","","","id-3f4a810ad7bd4697a842fbde17a9016d","id-ae138999be5748aaadbae7b3e59a1351",""
"id-549cd7b7e4e2356d6d10ab5ce2838492","AggregationRelationship","","","id-6b8bd176449ad6d5c5856c3d13b8449c","id-8d8ae31dd4289f6040f686b2f72254de",""
"id-925f578eef0f51063ee5c588b5370211","AggregationRelationship","","","id-4a33f539cc5e48b6317fdaeb9e78d5ac","id-43b9d9e9c6ad202b6b5433c79a866491",""
"id-6783cd18952909a7c26e1e6f86081457","AggregationRelationship","","","id-4a33f539cc5e48b6317fdaeb9e78d5ac","id-c697f891be54a0c60b9ee3b44597ab42",""
"id-4ca240bf2632cddfa8528b48a98e5670","AggregationRelationship","","","id-6b8bd176449ad6d5c5856c3d13b8449c","id-c9a5864b3f0bd6114f65be6a9dd0a027",""
"id-c458758330e6f79213ec62d787c61699","AggregationRelationship","","","id-ea538452917a9a0efe72dec6283447af","id-c1f600836fbc2422e5df1ccf72f5d148",""
"id-f5cc5729c010eb467b43a0f2ad82407e","AggregationRelationship","","","id-ea538452917a9a0efe72dec6283447af","id-2a60ea59e0862ff4a938b7f37c9633f2",""
"id-8914b52f9d97727bebc09e970bb7504b","AggregationRelationship","","","id-6b8bd176449ad6d5c5856c3d13b8449c","id-5182538b4e7e469af5b9373140a4c398",""
"id-b92854b7432c801d95fa24a1f036fccd","AggregationRelationship","","","id-e1547d163a1f71025f42c92ad402705c","id-edd8952e22b285cb01503d071389e9f5",""
"id-4bf5d183b9c3737bb0e60b1e5d47f281","AggregationRelationship","","","id-ec02a8c52e881e468b7afcfc934fcec0","id-d9de58dee6f2d8c1b01b463be61ff8cc",""
"id-95b5421128a8bd66ff565fa0713833c8","AggregationRelationship","","","id-e9d49abf813f0b27bcccf831fc9041ce","id-02fbda5e4bdefb727fbea2546c429fa1",""
"id-d27f1b69b205830168c198fa5d55419e","AggregationRelationship","","","id-6b8bd176449ad6d5c5856c3d13b8449c","id-cb5bdefde2acdb95aeee95f5ece7a064",""
"id-c513c0c2327c57dd09ce335e284815db","AggregationRelationship","","","id-ea538452917a9a0efe72dec6283447af","id-74631cb7143cd190b7de9376d47bb466",""
"id-a4f2b91ee032f05e62a562ff44b64e17","AggregationRelationship","","","id-ea538452917a9a0efe72dec6283447af","id-29b97d01f368edc9ff9c98e5076115f4",""
"id-92df1343c5b031f59e203b93984f75fb","AggregationRelationship","","","id-5793e3ae72eee007e7b1744998576ed4","id-65bbbff289312b2cd72bb6d3303230e8",""
"id-5d5449ed799d74408801235dfc190039","AggregationRelationship","","","id-e1547d163a1f71025f42c92ad402705c","id-bcaf42951d75db117bc4df86be57dc06",""
"id-bd4581315e6308af09da5dfe49255353","AggregationRelationship","","","id-4a33f539cc5e48b6317fdaeb9e78d5ac","id-0d1657c18ec8ba954d42cb8e0ceced53",""
"id-10bdf64d97b2bf9d59ddaf11985ad7b6","AggregationRelationship","","","id-6b8bd176449ad6d5c5856c3d13b8449c","id-93d20d20540ac713e02c7507ad3ef658",""
"id-ed1dded82ab6ab0adf883264efb7974b","AggregationRelationship","","","id-5da59973308bf9dd4865ead036953788","id-a9a47578b14784075660e88955052207",""
"id-b1a286d7b2472d5396df4b8bc819b685","AggregationRelationship","","","id-6b8bd176449ad6d5c5856c3d13b8449c","id-3b518de389d2b8aa422e59d1990e3617",""
"id-8890fad01f1735b53abba785a4cf60b5","AggregationRelationship","","","id-5da59973308bf9dd4865ead036953788","id-a0ff982e3e164aa3a5dcba6d63d4066b",""
"id-b0f2c9efe0dcbb4a277af75298c56f3b","AggregationRelationship","","","id-7efd78fd6f46d2fd4dd77dc3e34a6a2f","id-fb6170bfb725d429218a13ec02521f95",""
"id-1c307a1501bc7888e940579a847ace49","AggregationRelationship","","","id-ea538452917a9a0efe72dec6283447af","id-9c6d8d8988c1b70e0950551f67cdf993",""
"id-f92531812f8b49348ef6b0f71478d0b8","AggregationRelationship","","","id-2bd584910de1455793b4ec325bd8540e","id-9a9dffdbeb5b430ab24566f70835080d",""
"id-4d36c10246cd0d800fbbce2b539c4ace","AggregationRelationship","","","id-4a33f539cc5e48b6317fdaeb9e78d5ac","id-6a2bdf672bd97d1e439d760f2fb06474",""
"id-c5e57d0f9e17e5f225c1739b4d217034","AggregationRelationship","","","id-ec02a8c52e881e468b7afcfc934fcec0","id-0b619832c5eb27459dc28dc584d382d6",""
"id-241467a0100f48dabfb4dcfb89e8027a","AggregationRelationship","","","id-2bd584910de1455793b4ec325bd8540e","id-1c8efce08d644ea289426858fca4fe1c",""
"id-85abb33d2bef0c5145219815b47a95c9","AggregationRelationship","","","id-e1547d163a1f71025f42c92ad402705c","id-28fa77cf1a02f631961b170e71c2d0e7",""
"id-601580e59162b8a47508ea9dd68d9a3f","AggregationRelationship","","","id-64a909603a4fd238f36508109b9a9d8e","id-06643b168f13130f44522b8e3f423388",""
"id-51f3f89ad4052598e958ea67b2bb26ec","AggregationRelationship","","","id-ea538452917a9a0efe72dec6283447af","id-c6170a5c9870850847938493cb8916f8",""
"id-2de31dc8a15e2e352a6dc9f6633ccc08","AggregationRelationship","","","id-a65e59b65e712286260ddace6d5e6256","id-d5fa720c1960a378c77d9ab5b608d06d",""
"id-b97ea0dfc8a75d10fdc11a15623f80c4","AggregationRelationship","","","id-ac37226839189355b49ee4cf4ea539b6","id-3bb6f5e6779971e3e1ab4629e2366b99",""
"id-ca782929919a780a4dc85e36f6f52efa","AggregationRelationship","","","id-ea538452917a9a0efe72dec6283447af","id-54ef25a186d01bc546cdc049f2345255",""
"id-b038785e2cdce668a39a5b8538e7c54e","AggregationRelationship","","","id-ea538452917a9a0efe72dec6283447af","id-983d5555081d0d8aaef4af60894e7d82",""
"id-3940cee2b3cc20bc5c0b64b33f661c2d","AggregationRelationship","","","id-512b1a93aa0bdd9861ea57d73a6c0fa8","id-c84a1febcb45a8716006a11a70720172",""
"id-cdf6ff33b1f80aa2bab0057e94948348","AggregationRelationship","","","id-ea538452917a9a0efe72dec6283447af","id-be468c8e0bc5d035bf69f86e948bac43",""
"id-6e24c540aa728e01604d000698b2582d","AggregationRelationship","","","id-5da59973308bf9dd4865ead036953788","id-b4e6b25902450788dadc2947cdfaf347",""
"id-b6927b26622fb947bcbed31e2fef58f0","AggregationRelationship","","","id-3b9eba3ccc0a65a7ba9e94765561960c","id-3b9eba3ccc0a65a7ba9e94765561960c",""
"id-0db246e418521030013f493920062695","AggregationRelationship","","","id-6b8bd176449ad6d5c5856c3d13b8449c","id-de1eaa67ac2f6b8e1f38b13230ab5873",""
"id-7b58789fdd08b6fc077b6381a2c1f17e","AggregationRelationship","","","id-ea538452917a9a0efe72dec6283447af","id-46b40c54ca2d88078a65ee1384ed2ff1",""
"id-c429ad5967f7e150d9c5eabae1237642","AggregationRelationship","","","id-1a2fa8d8128e0752153a8907d308cfa6","id-93518217d3692f858783e9da31a9f821",""
"id-c44da08e1e34733d9015da1e80287c69","AggregationRelationship","","","id-ea538452917a9a0efe72dec6283447af","id-3c8cb9201ceead598c633bb7d9d060f5",""
"id-ff86785d068a5b1a9fc8ed37edc27af6","AggregationRelationship","","","id-4a33f539cc5e48b6317fdaeb9e78d5ac","id-1a2fa8d8128e0752153a8907d308cfa6",""
"id-850f5945efb70fec84f9cd2d84751a47","AggregationRelationship","","","id-4a33f539cc5e48b6317fdaeb9e78d5ac","id-5330e2ac5f57272b10d333bd5ed03af4",""
"id-9fd1784e7ad616045d8292f0e17b38e5","AggregationRelationship","","","id-ec02a8c52e881e468b7afcfc934fcec0","id-ec603ebcdcac84915de2d7df23a6c791",""
"id-daae38dd4de146f48711fa16830e13c5","AggregationRelationship","","","id-3f711475395b40b8bae2198c203df52b","id-ae65a3b81556437981144a36f2b15533",""
"id-51096cd9a0f9bde3addc5273aeb34702","AggregationRelationship","","","id-ed1fe01470d0f3c8e31f9d0e7cdcf8eb","id-c3ba4c6923ea525c42247add962e0731",""
"id-82f0fe56f2d892207e3608b218487925","AggregationRelationship","","","id-ea538452917a9a0efe72dec6283447af","id-c855062d494f14eca1ec57d0a93e4ede",""
"id-53900ee66431ebefde27fdf7bf2e1519","AggregationRelationship","","","id-58dfd7e7f4eccc3d2faea3b35fa7206c","id-97bbbe75e3f3e9c1a77467ad0d534645",""
"id-d879d78a6f8e3b998cf1a4b83f2abbac","AggregationRelationship","","","id-8aa92fa48d57fdcfa59c8c39a543fa47","id-f627755fc9852f128efb37ea3580e5a3",""
"id-691a594205603eb6e56f085012f1e141","AggregationRelationship","","","id-ac37226839189355b49ee4cf4ea539b6","id-b09e367e83ea2bbfe340bdae5567a3ee",""
"id-eec44cedc7b7e4982e7cd9144927d18e","AggregationRelationship","","","id-5da59973308bf9dd4865ead036953788","id-d04ec06cf806030a4be9a8a02f17104b",""
"id-821b3111bce9f9fb37023b4ded089110","AggregationRelationship","","","id-e1547d163a1f71025f42c92ad402705c","id-7db8acf01780e1db331a6f16788cc837",""
"id-5a4ce711ee1d1f3f6176200d046bbe38","AggregationRelationship","","","id-6b8bd176449ad6d5c5856c3d13b8449c","id-2c77772282c18990ae4901be48f91401",""
"id-9224bb563c01df0fa75867d5e07e380d","AggregationRelationship","","","id-ea538452917a9a0efe72dec6283447af","id-0ab8b0b6b3d6641cb9ec4a8d8752f348",""
"id-496fbe64e4e0616e077be1f3f9e0d29e","AggregationRelationship","","","id-bf2fe8a90d804b594eda9ac634ac1b70","id-d6e6cf365f51a76d79605a4916efaa91",""
"id-fb2d4b2907e10c2bc9b458b3f93e5e56","AggregationRelationship","","","id-dc996ca8aa0e65bfc1f2ae8c8ab92c3b","id-d45ad2785ce309a8a5bccab9dfee007a",""
"id-3f5cab342a6a095d8333501547038375","AggregationRelationship","","","id-28793771489fcac604bb2abc8398d758","id-37756b3348eb584d8bd53ed965dc0592",""
"id-000c951897b64ce984056a89a4ae57bd","AggregationRelationship","","","id-3c5c7330af37469a845c6af93264bd03","id-114c6045a82f457bbc6636db721f3336",""
"id-35b6ad0d03cf66a95d0dcbb9c137835d","AggregationRelationship","","","id-633b4491de9aa831c31c56293a2c8827","id-ada9b5e5efd73e43527c4f4cfa6ceacb",""
"id-989e8c44dd50e95382288a8f9dcbcb74","AggregationRelationship","","","id-29b97d01f368edc9ff9c98e5076115f4","id-406a535ce7db4d250fd8598377283f64",""
"id-7f76110182965972cfa33cc70e6bb9bb","AggregationRelationship","","","id-ac37226839189355b49ee4cf4ea539b6","id-58dfd7e7f4eccc3d2faea3b35fa7206c",""
"id-b5704ed3fbd4b83bd54349368a19795c","AggregationRelationship","","","id-4a33f539cc5e48b6317fdaeb9e78d5ac","id-c84e3983bab8c71fc7bad40a37ae736f",""
"id-9b0930b407a0274a081210c714037dbe","AggregationRelationship","","","id-5da59973308bf9dd4865ead036953788","id-8ca5a364e79c9d94e70a85eac3a94460",""
"id-363da64a77dfd8e9203aa278c34fbdf6","AggregationRelationship","","","id-059155d9fd674c50663bf249f35fb9ad","id-2e4cfcf5022f84a2c3ea3264687dc45f",""
"id-a5b2d6372f103784ab0be99a9f424cab","AggregationRelationship","","","id-3b9eba3ccc0a65a7ba9e94765561960c","id-9ce4ed39df39d31233c9e2b75416d92f",""
"id-eb1164286b34e806fc4c831ab5d448c3","AggregationRelationship","","","id-ea538452917a9a0efe72dec6283447af","id-bb834a794ea44cf89c2895e7a7112657",""
"id-3164dd71ce8175f057270eb6ad1c3be8","AggregationRelationship","","","id-6b8bd176449ad6d5c5856c3d13b8449c","id-79de6f0ec034ac4d2f21effcc9e55835",""
"id-8520d34479251f2a52e3318312bd2313","AggregationRelationship","","","id-ea538452917a9a0efe72dec6283447af","id-c787effa7ba34101840a6a97bcceaf8a",""
"id-375753ba872744300b1cdd1b9b387a07","AggregationRelationship","","","id-6b8bd176449ad6d5c5856c3d13b8449c","id-3fcdd8d828aff05b85de1aed0bce4dd9",""
"id-3f8b1b2555a045335bf5cb00e244eada","AggregationRelationship","","","id-c6170a5c9870850847938493cb8916f8","id-df3aaee55d5f5d4ac110df77ef2a0919",""
"id-6b902db21129a558b910cb7f4c29cf6f","AggregationRelationship","","","id-3e7f23c6b044b054b142fe45cd0f24a0","id-86281480f23e181909a56e544b2fc597",""
"id-7a8241ad9b68fd603c193e45aa0e1375","AggregationRelationship","","","id-4a33f539cc5e48b6317fdaeb9e78d5ac","id-3fa2ed984da0906e839fa366de110a96",""
"id-cd08cc3d27b4e75bd1c6248f08629675","AggregationRelationship","","","id-ea538452917a9a0efe72dec6283447af","id-761e793da24d1a616f95e332713ac135",""
"id-ee53d3033e2bee2325d53b17b0926339","AggregationRelationship","","","id-ea538452917a9a0efe72dec6283447af","id-943adaf190027afb86e6273ebfd3e329",""
"id-5d601ab4725a33f4d5f8d59b6c2191a9","AggregationRelationship","","","id-e1547d163a1f71025f42c92ad402705c","id-eeb636f459d1e46db9454b0f1831bf58",""
"id-bd95f8fb40f23114712cb49de56ba124","AggregationRelationship","","","id-3b58857e92cb701b4b2911399add2741","id-4eee299cb31ca824b19ec4b980289bdb",""
"id-a354bd26602080a599a08c1d26c1a9a0","AggregationRelationship","","","id-bd62cac964552427a3332d00b2057ce9","id-8b9ba7173785035096e972a4d4024cc2",""
"id-61bac2ee3ef36d82ae02694be4d0001d","AggregationRelationship","","","id-0eb6b0c2f68b26f6febce154c65e133c","id-02fbda5e4bdefb727fbea2546c429fa1",""
"id-b4bb60c4f76fa56e63d8bb4eca664bb7","AggregationRelationship","","","id-6b8bd176449ad6d5c5856c3d13b8449c","id-84066d3ff373f7cf49c4724bed9ea2fa",""
"id-28a323238a1c3680630c4ece7f52e42c","AggregationRelationship","","","id-4a33f539cc5e48b6317fdaeb9e78d5ac","id-a61643f76458b12e0b58911c057b39a5",""
"id-1c79d62df10974372515ee794d9cd78d","AggregationRelationship","","","id-6b8bd176449ad6d5c5856c3d13b8449c","id-5793e3ae72eee007e7b1744998576ed4",""
"id-d09559adf1f24b90b3f8e41f0458325c","AggregationRelationship","","","id-eebea832a64940e58a61e503dbddbf43","id-6b86182a19d540bb84791b71a25e2574",""
"id-d9a6b27bb04096f5921ba61e45a52aad","AggregationRelationship","","","id-6b8bd176449ad6d5c5856c3d13b8449c","id-9b304b9b4eb5ccd5991441fd861e614c",""
"id-02dd09ca314448fad6c1d977fda0df6f","AggregationRelationship","","","id-ec02a8c52e881e468b7afcfc934fcec0","id-5e26b0b78729679597abec9a851838ae",""
"id-100624175d8256b39a67454451adef89","AggregationRelationship","","","id-ac37226839189355b49ee4cf4ea539b6","id-8c920668777ee778d6daadda861c7d94",""
"id-07371d082ca97ede7c1cc109ff22184a","AggregationRelationship","","","id-e8ff7a3cafa2d9eee35b7eff3bc5b85a","id-43b9d9e9c6ad202b6b5433c79a866491",""
"id-2101956a079778b2f1365a84f0ed1b0e","AggregationRelationship","","","id-1343bf85f07f72dd4ff300b30b29d320","id-4c46d232ec75ec185a6be28b1d069aff",""
"id-669d4be07fb665ad4778ecb6416a1061","AggregationRelationship","","","id-64a909603a4fd238f36508109b9a9d8e","id-9dae38896bda458414c61e5cb856fa49",""
"id-f5b026d6f7090d054e1e342d349809ba","AggregationRelationship","","","id-52038895476a4cc7b9ca31528d5c7046","id-6d5fa924e13a21b7b8693efc69c8ff50",""
"id-7d2c76f7b01f86e6e956da4c2063cca8","AggregationRelationship","","","id-9addfc2a6a328527e71ce185152ba559","id-edd8952e22b285cb01503d071389e9f5",""
"id-cd23b18d4a5cf6b182be0d45cafe4c5a","AggregationRelationship","","","id-8aa92fa48d57fdcfa59c8c39a543fa47","id-77dc8c8132a150009124d77450a21bb4",""
"id-d651abcc414089635806b4cd749940de","AggregationRelationship","","","id-64a909603a4fd238f36508109b9a9d8e","id-b20c189c29ee96c25314d57345a4cce4",""
"id-0d71a2f5e30d7cbd1210c5d06d5d4d70","AggregationRelationship","","","id-f7fd9a1096741ef0b0bd959e42e79b34","id-d9b84dcac8a9f5d3f78b9b833245f71c",""
"id-32cbb0b5b7b7c6270d52319e30e9cc4d","AggregationRelationship","","","id-3e7f23c6b044b054b142fe45cd0f24a0","id-fb6170bfb725d429218a13ec02521f95",""
"id-dd6c54d047049f8c0c80e1b12578f74b","AggregationRelationship","","","id-5da59973308bf9dd4865ead036953788","id-db0f30a5bc0c0374a378a0b8b8298bec",""
"id-34ab86f364734d0745c3020fb23340a8","AggregationRelationship","","","id-dfd6bb5efb42d255c8cd051dd3528732","id-b3d25e24ab75c71fcef4d891590f5132",""
"id-0e7c580b4e675ea568b8b2b7cf8c5700","AggregationRelationship","","","id-28793771489fcac604bb2abc8398d758","id-debefa5a18187457697a20730c1a67f1",""
"id-45bec35c4f60ecd9f2c8a85ac285b451","AggregationRelationship","","","id-e5731078d29ad4aa567ab41130395e24","id-e5731078d29ad4aa567ab41130395e24",""
"id-48a20d197445d3fcf8d3e0fd1daa90ef","AggregationRelationship","","","id-b342dbf6e86b51846f94183e69798bf3","id-1c97f1fa94f07ce02a309c9f0d59a998",""
"id-e877b5b564562796d1c8e019266afb52","AggregationRelationship","","","id-ec02a8c52e881e468b7afcfc934fcec0","id-8ac3f75f0d20b8f37180699031de424d",""
"id-bf42bc7230cc16d6aafee07943fcecc4","AggregationRelationship","","","id-1343bf85f07f72dd4ff300b30b29d320","id-2e0a6e1f82ca4680ff82b43248f535ce",""
"id-374988143336d5704120b900a13dd69b","AggregationRelationship","","","id-e1547d163a1f71025f42c92ad402705c","id-3ad28ccc5ee3c5e5b640fd5f642f7e9d",""
"id-58075d6514976ff360983866002a77ea","AggregationRelationship","","","id-ac37226839189355b49ee4cf4ea539b6","id-9ebb702410fb17f8caf88d885e97c931",""
"id-424ec63c04ec73c1ee5c48352bd7f0b1","AggregationRelationship","","","id-0277cac6bda66f496a3c52d8c656af73","id-e9d49abf813f0b27bcccf831fc9041ce",""
"id-9f649175c920796bdd17b30e197eba4a","AggregationRelationship","","","id-ea538452917a9a0efe72dec6283447af","id-3eff57896ba40120df9f64bd981b7788",""
"id-a6d57f3bf909cb69fb4265744c7acdc5","AggregationRelationship","","","id-67e740264a0084d6e088b26a730a2c78","id-143dea58a43fdb86a9a3a4ede0cc8579",""
"id-f941a75af032cb64987b0af3bbc7b54c","AggregationRelationship","","","id-9addfc2a6a328527e71ce185152ba559","id-240e2c48a647739c41d01cc0142d309c",""
"id-fd2356423a2f364ce14d5dfc0377f928","AggregationRelationship","","","id-075ced1b09ee36197ed8038dc9a95de4","id-5ab25ebf58479f7c0b745f1bf8800e80",""
"id-84236ae3282e82baf23298d2eabaaeb5","AggregationRelationship","","","id-7efd78fd6f46d2fd4dd77dc3e34a6a2f","id-0c4c4b922ee08910c42585943a6e41c6",""
"id-0d0a649c90550dd3776b1de38d0795b9","AggregationRelationship","","","id-512b1a93aa0bdd9861ea57d73a6c0fa8","id-a02deac09226eb9f5711cb02a7af92fc",""
"id-a82de32ad75a08041894df4a29e133a5","AggregationRelationship","","","id-6b8bd176449ad6d5c5856c3d13b8449c","id-83271c0b89066b911be92aaaa453f8f2",""
"id-64eb8778bef73f7b6a4cf58b7af18581","AggregationRelationship","","","id-c1f600836fbc2422e5df1ccf72f5d148","id-4c63346a78fd43f983b756e451e983ff",""
"id-2fb1655a6f25b1fa35109052869ee61e","AggregationRelationship","","","id-2d717117233012c3925d60f9258eb463","id-855e720f61ec12102f8b758654837fc1",""
"id-21a81d1e00d885872be5816cdf12c099","AggregationRelationship","","","id-c1f600836fbc2422e5df1ccf72f5d148","id-ab46f8319b6dd90226684bc1989577ad",""
"id-54a0c7ba2674e18eaf676a7b5bfad1b9","AggregationRelationship","","","id-edd8952e22b285cb01503d071389e9f5","id-f4afe31d60a4b6af43fda2d24ec2e267",""
"id-680eed2faf26f021e2481cebb9770667","AggregationRelationship","","","id-ed1fe01470d0f3c8e31f9d0e7cdcf8eb","id-870d6e9e13dd829499b0bc399a838b7f",""
"id-8a232366bf62800738e9d80e8b1f2870","AggregationRelationship","","","id-ec02a8c52e881e468b7afcfc934fcec0","id-ca58f8d91d40a32285f1185be593b2c0",""
"id-c2220b81696ce293c191840db506b54a","AggregationRelationship","","","id-4a33f539cc5e48b6317fdaeb9e78d5ac","id-d57f4766c678f3c0d274debf9c8a6f0c",""
"id-e4ef7203aa85f0f86b87e0f05dbfffbd","AggregationRelationship","","","id-28793771489fcac604bb2abc8398d758","id-e179b1c26dfccab134b465cacf6a3013",""
"id-7887afda2322d9618c0359999c4083ec","AggregationRelationship","","","id-6b8bd176449ad6d5c5856c3d13b8449c","id-4ca091ad3e03784c30bb1b1472ef6ce4",""
"id-f0b50f4d133f7fe3a80a91e46cefcf40","AggregationRelationship","","","id-dfd6bb5efb42d255c8cd051dd3528732","id-ce5d81440fba997aae4b0ba3a81e5a73",""
"id-8a7aa950e87f2b1e310e12d909c9bdff","AggregationRelationship","","","id-e1547d163a1f71025f42c92ad402705c","id-aa67e2e5b56dd455488d6db14bfc086e",""
"id-5e2f115b3495b411ca9a7fd1752cc55b","AggregationRelationship","","","id-6b8bd176449ad6d5c5856c3d13b8449c","id-e3bac713c8d6a3cba84166ab07d0c7ac",""
"id-4d48f73786491f7a79c12ac3288108f7","AggregationRelationship","","","id-ec02a8c52e881e468b7afcfc934fcec0","id-e3943c81a8aeb7dae4e21b9adf1ef25d",""
"id-a33f858693e7778d4a35d4a58883530c","AggregationRelationship","","","id-ea538452917a9a0efe72dec6283447af","id-284df352e1b354fb514ed97a3d45c86e",""
"id-a069143d981007711fa5c47dfd67a389","AggregationRelationship","","","id-189074f9ed4b6d71407df5b5c50040b8","id-c5b2c1e1d18c2e2f111ed3d1ea283762",""
"id-503c2b03fc1aa7efb6a1b7ff783f5f10","AggregationRelationship","","","id-474bee3dfe630bad8e8abe241dddb148","id-fb22c90dd89e60b1cbdb96ac325b36e3",""
"id-f4ce9aacdd8b495ed4cb85db4d672c52","AggregationRelationship","","","id-726fc64dafffdcde009b68ced2afd7a7","id-83714d17dcad428a5e13a76f09a045a7",""
"id-27676bc5c1f8cc5a0c28aacd05ba6162","AggregationRelationship","","","id-d5fa720c1960a378c77d9ab5b608d06d","id-718941896da73093b87e729f044fa22d",""
"id-4a604e1421e489351525243bc10f717e","AggregationRelationship","","","id-189074f9ed4b6d71407df5b5c50040b8","id-9feeb52df4f62192e63980569552fa5d",""
"id-4ecbb72d4c45a5b45be77ef95cb97e65","AggregationRelationship","","","id-bce65a19a59644ecd97d52c78e8fb070","id-ee93ab089280fa0a1f3688ea6d4b9f1e",""
"id-2ea19e9c78ac2a029c6fa0fbaa3c7aea","AggregationRelationship","","","id-d4b71fb62648c70cfca6a56934516451","id-df78e8cf7f092236f8e81c6833d23d34",""
"id-278a550b2d91df2924e150c9c99d80b1","AggregationRelationship","","","id-ea538452917a9a0efe72dec6283447af","id-5d6e22616d93bc116de31c5b294a7cfe",""
"id-3862bb7406722687b9e51407df11155a","AggregationRelationship","","","id-c1f600836fbc2422e5df1ccf72f5d148","id-f586717ac41d8729e4a3e11f525855e8",""
"id-00d0ac2ece3fe0dae725eb1aae553ef2","AggregationRelationship","","","id-f7fd9a1096741ef0b0bd959e42e79b34","id-7710f7f48da84c102734b0f6b512f01d",""
"id-b99fc0389df5c6a2456cfe8a3a79d23b","AggregationRelationship","","","id-9e886fc354299b7bfab29f6c757cee05","id-45d5d4dc777a7d3eb82c7682d089da90",""
"id-1656a0885933f9686a44754e4a36e749","AggregationRelationship","","","id-ec02a8c52e881e468b7afcfc934fcec0","id-32b6c40b3dadbbf16ecb869d40e5249f",""
"id-b3150a958dcc43318cfa0761b2a7fef0","AggregationRelationship","","","id-4a33f539cc5e48b6317fdaeb9e78d5ac","id-0a5bc760019f7c4cf23e5d599dcdb61c",""
"id-986e78269da6369cdf0145f5133e26cf","AggregationRelationship","","","id-f7fd9a1096741ef0b0bd959e42e79b34","id-a14aa99958ceeac92d2dcf14d35f7006",""
"id-4c89924c6d3ed7d61f836a97728a5dd6","AggregationRelationship","","","id-43dbddacb6f87c228bf7436f4f111db9","id-61a965c87d4a8821291df72dc6d4b6f4",""
"id-3272be959939b6a12c23b4f4520f6b5b","AggregationRelationship","","","id-95ac3e8a1faf6a6652229d2cf2c2232b","id-95cc787b1669f66c5da87d40ffb3735f",""
"id-57d40111413ecd223b3180057eef12ee","AggregationRelationship","","","id-f31ee7071bab72879a1ec8c9f81e9e00","id-bf9702268416ce1735707c198db1ce26",""
"id-0e932b8f5cc23e4a4bebf565aa4ae013","AggregationRelationship","","","id-1ad00d126b9d90d32411f1fe601ef5f5","id-5beef5a303e7e6074ed19291cad92243",""
"id-9459e1a11ce841f282a39252dc53af99","AggregationRelationship","","","id-2bd584910de1455793b4ec325bd8540e","id-cc29ca23f4b946f38b653f656059a4c0",""
"id-5aea941e0a109afcc5d93770fbab3df2","AggregationRelationship","","","id-ec02a8c52e881e468b7afcfc934fcec0","id-af37d4b1d653bc78ca6b0293a38cabc3",""
"id-e24537770fc93f5c72c035cd8240b458","AggregationRelationship","","","id-4a33f539cc5e48b6317fdaeb9e78d5ac","id-e6bf09ee0c0f84d26cf6f6bb3f56ceeb",""
"id-9ff8eb28da6d06a24e92e80dd7dc2459","AggregationRelationship","","","id-3fa2ed984da0906e839fa366de110a96","id-46f7892ded1e514e2a3a59cf702b6cc1",""
"id-fec656c599252f1792b05392bec13da5","AggregationRelationship","","","id-2d717117233012c3925d60f9258eb463","id-7b529a8de9596b493437e4762b7f9b1c",""
"id-e8cc6c4d6b94166da432d03314e333ad","AggregationRelationship","","","id-ea538452917a9a0efe72dec6283447af","id-9cc20ed4ebbe007f1a958bf34c419252",""
"id-d923581aa1c43d93b3a922e76df81b42","AggregationRelationship","","","id-ea538452917a9a0efe72dec6283447af","id-6a466d971551d864d839ca7451e8ea94",""
"id-fe3637e198a30d5173f7939caf9cb2cd","AggregationRelationship","","","id-6b8bd176449ad6d5c5856c3d13b8449c","id-4aafef13fed69f259fd6d57b9fd56086",""
"id-7a7f97b67907db78eda066d0ae5bd8a6","AggregationRelationship","","","id-4a33f539cc5e48b6317fdaeb9e78d5ac","id-125b75123886f5e596d3a9a36f7dc330",""
"id-c8f022178761d8f8f7d9f5adf23104b7","AggregationRelationship","","","id-ea538452917a9a0efe72dec6283447af","id-b08216d5809ce6dc5d1e88b1932df437",""
"id-cbde43c6208048dd80449ed41b549382","AggregationRelationship","","","id-f6cb9e3eb392458793546217d18a8204","id-ea072c944351466fb80fde73b4322afb",""
"id-9204375105786b440239cf5e6644c463","AggregationRelationship","","","id-ec02a8c52e881e468b7afcfc934fcec0","id-42626a634f180ab3f8b143066d4efb1e",""
"id-7b1a4f73668fff271e25612649870435","AggregationRelationship","","","id-e8ff7a3cafa2d9eee35b7eff3bc5b85a","id-3c83159e38e529d08c9e409951eade09",""
"id-e47462615b71587062299ee17c8a4534","AggregationRelationship","","","id-d4b71fb62648c70cfca6a56934516451","id-644e585eea269f76806da611e54ab216",""
"id-0c31690277658636e7b8ab6be26d28fe","AggregationRelationship","","","id-ed1fe01470d0f3c8e31f9d0e7cdcf8eb","id-0581fb74c4f96f1c77b2cfc23b2fbaf4",""
"id-5dccef225208da9af04a44e18aad41b5","AggregationRelationship","","","id-ec02a8c52e881e468b7afcfc934fcec0","id-79de6f0ec034ac4d2f21effcc9e55835",""
"id-8d9a62c14f925b7f9fa41c95352e45ff","AggregationRelationship","","","id-ea538452917a9a0efe72dec6283447af","id-b26c9f518a1988b4508000e7b4e8276f",""
"id-665d41a30a8f6448c74a7b83d8b026f8","AggregationRelationship","","","id-ea538452917a9a0efe72dec6283447af","id-e94129eeb979711ee8eb588fced9e632",""
"id-8a97413666599770d99ac988b6ff506c","AggregationRelationship","","","id-5fe1a58629d568b7c25085b82d0bf12f","id-01e8721a867afd36a5d83be2a14eb063",""
"id-8a2fb0dd1b98d615dae023906179b83f","AggregationRelationship","","","id-f6529cd4570e881912734a7a683760f5","id-a65e59b65e712286260ddace6d5e6256",""
"id-cf234db994ebf4061df15e9286b4e0b2","AggregationRelationship","","","id-6b8bd176449ad6d5c5856c3d13b8449c","id-e7a0e4e176d5abbcf202377d410a69a8",""
"id-a12eccbf095c16a6c6076f7686a1b4d7","AggregationRelationship","","","id-075ced1b09ee36197ed8038dc9a95de4","id-946622591d626bd3eb06d41bf124ac70",""
"id-e42b31317d3d66edc21c088adef8d887","AggregationRelationship","","","id-075ced1b09ee36197ed8038dc9a95de4","id-cbdb3b71ba06df87b711429ab338bb7f",""
"id-ca10fe6616b5478d85e0987f30c8a82c","AggregationRelationship","","","id-28793771489fcac604bb2abc8398d758","id-ac37226839189355b49ee4cf4ea539b6",""
"id-788953a1e459c218446e012768cce0b9","AggregationRelationship","","","id-ea538452917a9a0efe72dec6283447af","id-556ca78f131e3ccd1937a16845e0fd01",""
"id-11b817fa0ece4bd877b1fc6988fd28d0","AggregationRelationship","","","id-059155d9fd674c50663bf249f35fb9ad","id-cc2d338fb5b82ed986a104da3a4ae467",""
"id-0ea6815e285dd097b5086b574f40d82d","AggregationRelationship","","","id-6b8bd176449ad6d5c5856c3d13b8449c","id-9f1c2d8ed65f65a00de0973a64ef657b",""
"id-eb9290bc7c6eddc4c2f335fb6441caaf","AggregationRelationship","","","id-fe1b2577e4ea2ad0728bcc8e6d825a52","id-aa67e2e5b56dd455488d6db14bfc086e",""
"id-be80384954df1e0fcf81ad605a014093","AggregationRelationship","","","id-28793771489fcac604bb2abc8398d758","id-0afdfc9e8539ec1c29cf3363a67d491f",""
"id-de8a5b9faec828eb78a3301bea13d9b8","AggregationRelationship","","","id-6b8bd176449ad6d5c5856c3d13b8449c","id-8e365978406bc5f85b0d7b7059a349e4",""
"id-301e7b79455c708060d0d1259a2a51ab","AggregationRelationship","","","id-6b8bd176449ad6d5c5856c3d13b8449c","id-c541c4ceee5eead4e352c9c641418454",""
"id-7e65dfb073154c4093d2aef700317f52","AggregationRelationship","","","id-9a9dffdbeb5b430ab24566f70835080d","id-07b81457faea4e93b9b77db576c80af3",""
"id-b27cb7325a7b9fa6a65421b97edc2eb9","AggregationRelationship","","","id-6b8bd176449ad6d5c5856c3d13b8449c","id-c959907158b2803dc0380c7fe0b16055",""
"id-f14cb1ba6fb64bc53e65e7759ac4f12e","AggregationRelationship","","","id-715c34b375c33b2fe5d832fbffbcaf5c","id-b337bc0611ba93b1e25ae8ef7ef717c8",""
"id-09b35a42ccd254da2e575936432b0268","AggregationRelationship","","","id-e8ff7a3cafa2d9eee35b7eff3bc5b85a","id-3fd55fcf41c05edce18d9c8dac13d4ec",""
"id-ee234ffe85da2c6b8ee4174f87f3e3dd","AggregationRelationship","","","id-6b8bd176449ad6d5c5856c3d13b8449c","id-fd1bf4a2f07f053aa61a7dc4e6d317c4",""
"id-860faa400c9f787c2f2cfe140624f0cc","AggregationRelationship","","","id-e8ff7a3cafa2d9eee35b7eff3bc5b85a","id-e865669321cd12eb0ebf32d15e25e6e7",""
"id-ca825424f312f6b8cb0aeffde16ad22c","AggregationRelationship","","","id-28793771489fcac604bb2abc8398d758","id-faabaa8b0fdd335dd7633643786fe538",""
"id-8c3f85327356a5b27722ea01840fb69e","AggregationRelationship","","","id-b342dbf6e86b51846f94183e69798bf3","id-a30e9c06b1f9ff7c10e1c0d20c9c3cb4",""
"id-11899508f3ac80b8e88e2dcafddef3bb","AggregationRelationship","","","id-eeb636f459d1e46db9454b0f1831bf58","id-dbe6dbf16cd5a897f04c1fd8680b59c4",""
"id-405a30b2b0c7df9f1cef6fe51a182dec","AggregationRelationship","","","id-075ced1b09ee36197ed8038dc9a95de4","id-7bd1584974f01a8e1f6ddee0f0b72ad9",""
"id-67921bfb6662cba99de891571e2acbaa","AggregationRelationship","","","id-ac37226839189355b49ee4cf4ea539b6","id-97bbbe75e3f3e9c1a77467ad0d534645",""
"id-493ebcd177ab15eef0b972f1a23f36bf","AggregationRelationship","","","id-5da59973308bf9dd4865ead036953788","id-a55f61da9ebf43bfb36981d09109404d",""
"id-97c9d9f79880c29e81416e1b2ff57a17","AggregationRelationship","","","id-ea538452917a9a0efe72dec6283447af","id-f16e89c2e484c422daa8ce830f287fd3",""
"id-91a042a6dc8c5cbbf6b50b23e04ededa","AggregationRelationship","","","id-5da59973308bf9dd4865ead036953788","id-0c3477e829bcdfa433e4bb6415c35b68",""
"id-2a4a64029e04e655ccbd514e03285f2b","AggregationRelationship","","","id-ea538452917a9a0efe72dec6283447af","id-f76c63e8f832318ee7247a27bc850be9",""
"id-d94c2ce5784e0168402f18d2446d6b84","AggregationRelationship","","","id-f627755fc9852f128efb37ea3580e5a3","id-f627755fc9852f128efb37ea3580e5a3",""
"id-2f779ce97e440f78ed2a060cd3d8672d","AggregationRelationship","","","id-ec02a8c52e881e468b7afcfc934fcec0","id-081df702ac1c5494be73f01d53efe65c",""
"id-14aa3a76cbc41523927e3afdb8cd16df","AggregationRelationship","","","id-ea538452917a9a0efe72dec6283447af","id-d35dc5a15a3cec346892205d3164a4c1",""
"id-6a2156bcf46647e0ab78fcad3876d0cc","AggregationRelationship","","","id-3f711475395b40b8bae2198c203df52b","id-13893256ddd241709ca6206a465b2057",""
"id-f762dfa8940056f7e30fec4f82e5c3c3","AggregationRelationship","","","id-c6170a5c9870850847938493cb8916f8","id-32ff66672c74db58d225c54f47428726",""
"id-bec48afbc8a947ca023a4a62153eb5cc","AggregationRelationship","","","id-584ebf14c9049c775936aefec6dc655c","id-33a7ec7daae142828c597eb68d55fef5",""
"id-ff1bf277f3528452c0e83be1a375239b","AggregationRelationship","","","id-ea538452917a9a0efe72dec6283447af","id-2d9d33ebc68bc2286452014cd0083f21",""
"id-4942329f6d12dca8a33039b98eeba277","AggregationRelationship","","","id-5da59973308bf9dd4865ead036953788","id-d369ae1f875808503ef65841f7b71b99",""
"id-69c6e32a246f0b2dbf9f4e69372bcaa9","AggregationRelationship","","","id-58dfd7e7f4eccc3d2faea3b35fa7206c","id-fbdbe7017f6ab499a61e6b9386bbf71b",""
"id-a65e3fad625dcf928d2c5ad42416ed8f","AggregationRelationship","","","id-ea538452917a9a0efe72dec6283447af","id-8f786329c81b3efe3bf85f3eec997adf",""
"id-3515452e295a3c86e7e0b751a0174d3c","AggregationRelationship","","","id-0a5bc760019f7c4cf23e5d599dcdb61c","id-0b265112217fbf3285a484a3c22e0b43",""
"id-38085509ec0a61fa75bfabec6b8e6bfd","AggregationRelationship","","","id-a65e59b65e712286260ddace6d5e6256","id-c7e3b709dcf3c0b0df98c4f971848e82",""
"id-0e1784fd37bd1789c10f36cecfd56e7b","AggregationRelationship","","","id-819e7ef01fe9b49c368d64cd35a25245","id-bbd38e0f4f1e6a7d3abadd6416960611",""
"id-8094068dbcf7fafe4335c2d2737501c5","AggregationRelationship","","","id-ea538452917a9a0efe72dec6283447af","id-52b58b53b664ce94d9f418fd0e713af9",""
"id-45f80b799505c6e17ccc7a1a989b6254","AggregationRelationship","","","id-ec02a8c52e881e468b7afcfc934fcec0","id-84278e91abe974661c1639494f7262ed",""
"id-b91056ec3196332be28570989d9ef3ac","AggregationRelationship","","","id-2d717117233012c3925d60f9258eb463","id-b9aa31c4068ebee03b3f4743a1d27fd0",""
"id-8b7479a0920d2807dec16b4244b500da","AggregationRelationship","","","id-ec02a8c52e881e468b7afcfc934fcec0","id-37756b3348eb584d8bd53ed965dc0592",""
"id-5401c968318bb9197dad9458e2bcf9f0","AggregationRelationship","","","id-28793771489fcac604bb2abc8398d758","id-1c214fcf3ab468cc7c393b39b6080689",""
"id-4f121d09886e9dd84bd99569ba235a27","AggregationRelationship","","","id-584ebf14c9049c775936aefec6dc655c","id-1798418407d773b8ccad68b10593f299",""
"id-04457e17f5d5cec8f9f7e93fb9bf76cb","AggregationRelationship","","","id-ea538452917a9a0efe72dec6283447af","id-101f6af910673ccc508bb2507b43f512",""
"id-5786905228e59efde2d05da4ca90932b","AggregationRelationship","","","id-ea538452917a9a0efe72dec6283447af","id-7e0f895afa9605ab50f6bf9b3ed3087f",""
"id-8d74fa8b28f3d40798812c78585c6c13","AggregationRelationship","","","id-28793771489fcac604bb2abc8398d758","id-6ae9bd44eade5c36eefc9e5cd4d8e1f1",""
"id-3c472fb7ac5fcd6e601332a424c6fccc","AggregationRelationship","","","id-ecbf7f73fc0403357f7ff28afa9d0913","id-8edb144d0993bda17309f5a205e37707",""
"id-262f86dfd7d379b6f73af00aeec457bc","AggregationRelationship","","","id-ea538452917a9a0efe72dec6283447af","id-0eb09dd516e7719e1cbf48241586cec4",""
"id-c39a2865ea17e78e1959997393e0e67f","AggregationRelationship","","","id-28793771489fcac604bb2abc8398d758","id-bacb1903add50973639849a738bb0411",""
"id-32760eff84fcbaa062abf21ecb131ed1","AggregationRelationship","","","id-ea538452917a9a0efe72dec6283447af","id-7039eeaa9644daf1827a3ad65a98ddbc",""
"id-af136b7ab9f07bb36ca7a06739915a08","AggregationRelationship","","","id-6b8bd176449ad6d5c5856c3d13b8449c","id-944a41403708bbf74efad3e08451e98a",""
"id-71c6e7a56b658828b5588002a6e00687","AggregationRelationship","","","id-6b8bd176449ad6d5c5856c3d13b8449c","id-98066ae45d24dec8cba0183885fe9224",""
"id-e692ef57f3f54bd242ca0cf045b9546f","AggregationRelationship","","","id-e1547d163a1f71025f42c92ad402705c","id-096ab3e515590bb7ef8cfb65d9ad91e8",""
"id-7c0b7a01c65716b6e9bcdd00e76eb327","AggregationRelationship","","","id-e1547d163a1f71025f42c92ad402705c","id-a0b4e7bcbd623d8b81d5f7612388206d",""
"id-d3dca02839ca9d36f90c3c16bf436e0c","AggregationRelationship","","","id-ea538452917a9a0efe72dec6283447af","id-5c63ca0838ce2e6023f150938cb1ff3b",""
"id-4cfc6d83187eaa60aedee24a2b56e59d","AggregationRelationship","","","id-6b8bd176449ad6d5c5856c3d13b8449c","id-081df702ac1c5494be73f01d53efe65c",""
"id-9468fa335cbf8eadd0a3125d9329c898","AggregationRelationship","","","id-e1547d163a1f71025f42c92ad402705c","id-af37d4b1d653bc78ca6b0293a38cabc3",""
"id-ba850ee1b2740c098f0648f03948146a","AggregationRelationship","","","id-c30e05485c72ec3386f686e4962fe1cc","id-ac37226839189355b49ee4cf4ea539b6",""
"id-aff06d006b00c8aceaa417a9554b40c6","AggregationRelationship","","","id-e8ff7a3cafa2d9eee35b7eff3bc5b85a","id-7efd78fd6f46d2fd4dd77dc3e34a6a2f",""
"id-8dfe2ed955ddd1ffe3c7846544bcd6d0","AggregationRelationship","","","id-9addfc2a6a328527e71ce185152ba559","id-df56f99f877c893afb7d7dc2cd62a866",""
"id-14e42082b7598879bbe550bf449bb2c1","AggregationRelationship","","","id-9addfc2a6a328527e71ce185152ba559","id-fc0438cd2f92c8e46c682916a9eb4a05",""
"id-ce92892d25c8db06a26da6397dc6d290","AggregationRelationship","","","id-dc996ca8aa0e65bfc1f2ae8c8ab92c3b","id-6f80fe5ef3299a9b344cac17c50ba0dd",""
"id-fb304fe1d3554432b6ee21bb799a866b","AggregationRelationship","","","id-593afc4539b848c880359f290abcf86c","id-cebdcc7b62bc4d7ebaf935f0dab3000a",""
"id-8d839a32365f64e2ff9eec1640b9067d","AggregationRelationship","","","id-28793771489fcac604bb2abc8398d758","id-d6d70590963ef3752048f14bb389a69a",""
"id-64340379dec54775a07913e347eae794","AggregationRelationship","","","id-e3f381dbd30a4029beb91a88917d7f90","id-3f711475395b40b8bae2198c203df52b",""
"id-0006070fced61768d8ce792171529e8a","AggregationRelationship","","","id-e1547d163a1f71025f42c92ad402705c","id-293698296aa702c3e9e07c27713efd1c",""
"id-756995fd453f5bd9bb263b85e59ba954","AggregationRelationship","","","id-6b8bd176449ad6d5c5856c3d13b8449c","id-1d3c32c2d33c191901bbfa9293081c8d",""
"id-467d7a9193db6e3d660eda4a285b06ec","AggregationRelationship","","","id-ec02a8c52e881e468b7afcfc934fcec0","id-a83dbe155e59730fe7efdb7f89b3dc47",""
"id-e25596f2eea69b1da14cf0a012c66ad9","AggregationRelationship","","","id-ea538452917a9a0efe72dec6283447af","id-e33d57190a12bedca3ac810ce3206222",""
"id-2ee710bca74ede32ea4b6d045a281c2e","AggregationRelationship","","","id-4a33f539cc5e48b6317fdaeb9e78d5ac","id-2e2d999aa93c7b7759e03be25e65ddf9",""
"id-980bd8493a33896ff11ba94d5144fe2d","AggregationRelationship","","","id-6b8bd176449ad6d5c5856c3d13b8449c","id-5dd15a4e81c1d6d9717ce6c8b252eb63",""
"id-32542386129d1d79e1be0be124de3330","AggregationRelationship","","","id-a65e59b65e712286260ddace6d5e6256","id-a1e77f58ef56e5a5b276a2691eb2dbee",""
"id-005c04da1df97c3253bdf5ed821178d0","AggregationRelationship","","","id-ec02a8c52e881e468b7afcfc934fcec0","id-bbe4dec59bfe603bdc5f12df9768e18d",""
"id-8cbfb70330595575431ee3dbee0c9324","AggregationRelationship","","","id-a8cf9f3e8ee746ac11c483c153501563","id-9c1ce51b8bef13c577f4369e895869e7",""
"id-9b8f3a3af9d2113ddb8a06e7c37d1b68","AggregationRelationship","","","id-95ac3e8a1faf6a6652229d2cf2c2232b","id-c46b32df19dd8cfb8c024d6b5e0289ca",""
"id-e345e675bc70ce411c0b5213899e05ee","AggregationRelationship","","","id-0c3477e829bcdfa433e4bb6415c35b68","id-bd0ccd8695f50b35b04a0dbf4c1f54de",""
"id-08806e0f18cdb5dacca7312863ce9ad5","AggregationRelationship","","","id-3b58857e92cb701b4b2911399add2741","id-ce200b8a26a1091ab3681ff1bf5566ba",""
"id-0381440f59b91d11f7d99a5d28196541","AggregationRelationship","","","id-5fe1a58629d568b7c25085b82d0bf12f","id-a4c0237228261a26015e6f51887bfe9c",""
"id-989bc6edc736ce1bf5dd55fb9d72dee5","AggregationRelationship","","","id-075ced1b09ee36197ed8038dc9a95de4","id-3e9ca2325491cee0141f19739bacbbfc",""
"id-735867ac0d688c5f3291e6cca7144335","AggregationRelationship","","","id-d38e46927cb5ac0bdb7c99ec6031d18a","id-436ea5d3d1591cc1bc5b727c13befc67",""
"id-d1fd338b9bc9a76089acee0ab9aca454","AggregationRelationship","","","id-e8ff7a3cafa2d9eee35b7eff3bc5b85a","id-dfd6bb5efb42d255c8cd051dd3528732",""
"id-a3ed968f6d6349b4a9c3e1fb71ff0c7a","AggregationRelationship","","","id-3c5c7330af37469a845c6af93264bd03","id-f6653fbbd02245a9a480398b749ffc28",""
"id-a89461bb3c23bafb5d9c5131c6794841","AggregationRelationship","","","id-1ad00d126b9d90d32411f1fe601ef5f5","id-f0ff71a10e968233196a48fbf4db9616",""
"id-f646c327cc5c7501b97caa7aa9ca26bf","AggregationRelationship","","","id-edd8952e22b285cb01503d071389e9f5","id-4b0c5b07856dc262b1f66f48b0de4382",""
"id-3c2331127d819c1afc160cc31fe893af","AggregationRelationship","","","id-ea538452917a9a0efe72dec6283447af","id-0afdfc9e8539ec1c29cf3363a67d491f",""
"id-4f039ebe8f53525e31eef3b7886511fa","AggregationRelationship","","","id-6b8bd176449ad6d5c5856c3d13b8449c","id-b40952e93b980dc74e0a4aa9f15d38d1",""
"id-09df5444c1209d1affb2b1a3578571db","AggregationRelationship","","","id-93cdabbc4687720f293d8142a5009459","id-36a474c226a249122496d3af1eb767bf",""
"id-859755a4588648518a760acbfde80ab2","AggregationRelationship","","","id-eebea832a64940e58a61e503dbddbf43","id-ac26e1a336724cf5a9e966c1776e75ef",""
"id-c1dfa36272d373a442ed3c04f0dcdff3","AggregationRelationship","","","id-6b8bd176449ad6d5c5856c3d13b8449c","id-e97b33d0490a491fd8468e53da37ee4a",""
"id-c587f6a8982a2151aa5d5a19491163e3","AggregationRelationship","","","id-6b8bd176449ad6d5c5856c3d13b8449c","id-21ca90c4d1f5f7e9f9b6b1d1c12b7ed4",""
"id-30bac4ff80cb416b97cd8e92b52f700b","AggregationRelationship","","","id-cebdcc7b62bc4d7ebaf935f0dab3000a","id-a708622b9b864c2890cf44708c302c3b",""
"id-55a1a283c8eaa7b809e392fff30dc59a","AggregationRelationship","","","id-8b84a3e8f3c1e985eb1c3503795068e5","id-ff4ce568b4db5060b63c93dd2e8fea84",""
"id-f7e7af84e4fddd86fd756feef1a27279","AggregationRelationship","","","id-9e886fc354299b7bfab29f6c757cee05","id-d0fb81de4e7a3f6b9f3e3b509d3ed1fd",""
"id-6ff400d7a05bad0cd30c3555816a36f7","AggregationRelationship","","","id-1ad00d126b9d90d32411f1fe601ef5f5","id-88e5e38e0f7b720dfec098d3e9256f0c",""
"id-0cfbad485fdba3b8691593302a00a528","AggregationRelationship","","","id-28793771489fcac604bb2abc8398d758","id-ac472cf779904a4aad9a4a9d2100d585",""
"id-0aab43d48120b83761458f0ff42d6e16","AggregationRelationship","","","id-c6170a5c9870850847938493cb8916f8","id-7fbeb10d45c466e15cacf6d0377a5d57",""
"id-e9d76bf1d9642479e2a1e7f91c2f6170","AggregationRelationship","","","id-ea538452917a9a0efe72dec6283447af","id-59ba413ab57168862a4c540aa6171ad0",""
"id-554fd3177b3f19da46459a7ae55b7e66","AggregationRelationship","","","id-ea538452917a9a0efe72dec6283447af","id-7ab2b7c1c17821e137f586d0977d8e94",""
"id-8a05864003a5938b5854fd2a05d98227","AggregationRelationship","","","id-4a33f539cc5e48b6317fdaeb9e78d5ac","id-a83dbe155e59730fe7efdb7f89b3dc47",""
"id-d4b2111d53f7336cf475ee7e3b34ef47","AggregationRelationship","","","id-633b4491de9aa831c31c56293a2c8827","id-7b32d296e05be5af2167e181aba6c781",""
"id-4b106c7d6213c9280b8e78c5eb88bf67","AggregationRelationship","","","id-1343bf85f07f72dd4ff300b30b29d320","id-2ff415dfc3af5ea6df229ea0ac7aa420",""
"id-f564b156e46d0ead77136e56a4579429","AggregationRelationship","","","id-5da59973308bf9dd4865ead036953788","id-4f540ea04bc0c8dd3cbc9e7576a8ca70",""
"id-c0b7b9bf22a3e8ef442af9353a37d1c4","AggregationRelationship","","","id-1aa05fc534e4d2a9be6297d76ac09b79","id-0dc2d64bcb701e460015ccc0e6366ae7",""
"id-7545768c173a15c1e8d60bc07dbabb0f","AggregationRelationship","","","id-6b8bd176449ad6d5c5856c3d13b8449c","id-897b8efbc59e59995933bc495bb549dc",""
"id-47d5d33da34ab348dc00ac4b683052b7","AggregationRelationship","","","id-607aa96e4a2005fba85fe045f62b8747","id-6e529315a112a4be1b17e73b5250c93c",""
"id-64cf0998efea5896458b789284799d0e","AggregationRelationship","","","id-5da59973308bf9dd4865ead036953788","id-0c829175bab2bf10bfce5c2732ed148c",""
"id-7b98ef5f146f90a863fb03edb02393fb","AggregationRelationship","","","id-9addfc2a6a328527e71ce185152ba559","id-43dbddacb6f87c228bf7436f4f111db9",""
"id-e829623fae1e10df7689deb58684118f","AggregationRelationship","","","id-0c3477e829bcdfa433e4bb6415c35b68","id-061990a9ab195f30f1119da5e44d67ab",""
"id-4603de222cb09063fce7ce623525b0bc","AggregationRelationship","","","id-bd62cac964552427a3332d00b2057ce9","id-63e2a396a7e7bcba42f6fb3b98a77bbb",""
"id-691916d1e9b6c9c71db4b465fd6a2282","AggregationRelationship","","","id-6b8bd176449ad6d5c5856c3d13b8449c","id-b26a8c64891185238533e3b131df0ac4",""
"id-b8427f9a587b6241d369e90fa1106388","AggregationRelationship","","","id-2ca65ad27032d808b3c8e47db20b75a8","id-c5c8103e7450b5603466bb42eb6e639d",""
"id-64c24c2f6bcb7caaa36366363e99a141","AggregationRelationship","","","id-93cdabbc4687720f293d8142a5009459","id-b8fbca5df915ef9c35f89331b225386d",""
"id-e09f1052129fa46767ab103fdace2aa0","AggregationRelationship","","","id-ec02a8c52e881e468b7afcfc934fcec0","id-897b8efbc59e59995933bc495bb549dc",""
"id-554cdf247b456814bb3a6b6f307cd8f0","AggregationRelationship","","","id-5da59973308bf9dd4865ead036953788","id-633b4491de9aa831c31c56293a2c8827",""
"id-fb3f61f846aa3e7b290cfd27e245e090","AggregationRelationship","","","id-7652fbb02873e2fe8e99c64c5f22f582","id-b95437f0f065f7223163776aa7f1b7d7",""
"id-494993692a7549d4c03f9dc185244feb","AggregationRelationship","","","id-ea538452917a9a0efe72dec6283447af","id-fda928b1557f9c30c9177ababd3890b2",""
"id-148c70f2a680ac66952bf502941a2360","AggregationRelationship","","","id-ea538452917a9a0efe72dec6283447af","id-f987b0b1be89a2b899bb12774892c5c6",""
"id-fff7cf800c9b3330682582fa6f61e481","AggregationRelationship","","","id-ea538452917a9a0efe72dec6283447af","id-b7130397ec00c0b4f5e1a713ce4a8736",""
"id-f2e65060f5de206e8436dd515bffdce5","AggregationRelationship","","","id-28793771489fcac604bb2abc8398d758","id-784689d996ad885971e9a1424afbcd87",""
"id-00c6348f09e84408ac242f67e72fc7e1","AggregationRelationship","","","id-593afc4539b848c880359f290abcf86c","id-e3f381dbd30a4029beb91a88917d7f90",""
"id-754ea6828470c5e6e4472ba5c71b5cd6","AggregationRelationship","","","id-ec02a8c52e881e468b7afcfc934fcec0","id-fe98d7511fbb2499a46ed073c0b566a2",""
"id-d86100142fcec57791d26529e98465fa","AggregationRelationship","","","id-9addfc2a6a328527e71ce185152ba559","id-11bfe42dd3094871930ea223b8b3409a",""
"id-68c6bab47c9772079d6fc73d3cd6afa1","AggregationRelationship","","","id-ea538452917a9a0efe72dec6283447af","id-3f2e641b6a713210aa29070ea7643c94",""
"id-cec15d1276e02570f55bc2ed97b8c401","AggregationRelationship","","","id-6b8bd176449ad6d5c5856c3d13b8449c","id-2e5b0e9bb32d1573658ad8e87361c782",""
"id-c911f0b7a3e3b4c82ee1e3ed9ab87218","AggregationRelationship","","","id-9addfc2a6a328527e71ce185152ba559","id-b10c91c70271887b13af200c2820e633",""
"id-60838c570e0928ec0fc77f94746a1648","AggregationRelationship","","","id-e1547d163a1f71025f42c92ad402705c","id-296c57666e52a69ce325483bea96bafd",""
"id-ad28da96acdd77485fb348bdffaf4689","AggregationRelationship","","","id-6b8bd176449ad6d5c5856c3d13b8449c","id-72b39f86ec58b05ffe2ae1ae9d0d5be3",""
"id-8d27106e37ed1c30d31cc3227c9f0614","AggregationRelationship","","","id-e8ff7a3cafa2d9eee35b7eff3bc5b85a","id-caf6ae96847007ae4e7fc654f67ed46f",""
"id-a0bc256ed9662267f8c68d62977eb2bb","AggregationRelationship","","","id-8aa92fa48d57fdcfa59c8c39a543fa47","id-5aed27f5e74ce4e14ce2c070802e588b",""
"id-c195453012174c2a847c1d5a770913e0","AggregationRelationship","","","id-7ec55da1ff7d49afb872051459045db0","id-1c8efce08d644ea289426858fca4fe1c",""
"id-ca3f6a998721d7cb96ace90eee46e2a7","AggregationRelationship","","","id-075ced1b09ee36197ed8038dc9a95de4","id-6b3898c7a550954526e3e5734f0d9574",""
"id-cb350834fb1210be47a4ddf3f6816816","AggregationRelationship","","","id-9addfc2a6a328527e71ce185152ba559","id-8b84a3e8f3c1e985eb1c3503795068e5",""
"id-d734acabe3544995acbe8bee8a02d9c4","AggregationRelationship","","","id-8dcc848d4e7f4cf5bfe7b24a7bfe4b15","id-8696a8733a4d486ba001792da48ef0ce",""
"id-cef60b449695f5331dc802e00d1ccec0","AggregationRelationship","","","id-3104e3ff241a119e5910691b30dc894a","id-8997e1588838c8e3a6eda02f0879bd72",""
"id-1ff95c454c0a56fe9af4433a18a0adb0","AggregationRelationship","","","id-43dbddacb6f87c228bf7436f4f111db9","id-799320973c02983c78fd2347d735a6ce",""
"id-056cf2899dd4ceaa54758401e2725d5d","AggregationRelationship","","","id-1343bf85f07f72dd4ff300b30b29d320","id-08a149ab4ff78b7e37dbbf917fcd6303",""
"id-c8b5214a309e120813e0672c14df9ab5","AggregationRelationship","","","id-6b8bd176449ad6d5c5856c3d13b8449c","id-058737e89825038a336888423dc5e693",""
"id-3771d6a1e7eebf121a6d3d692a24d471","AggregationRelationship","","","id-9addfc2a6a328527e71ce185152ba559","id-3bf3ca4cc6282c7d872b548d91c0b6c3",""
"id-cc235a83b507d7601ae5e01e04e6cfda","AggregationRelationship","","","id-eeb636f459d1e46db9454b0f1831bf58","id-f4afe31d60a4b6af43fda2d24ec2e267",""
"id-1d9d4bf37373a78dfaf49d13273a8a42","AggregationRelationship","","","id-9addfc2a6a328527e71ce185152ba559","id-3f4b68754d70cf93512d693d35d01096",""
"id-771b0be18235811caac37e50098506df","AggregationRelationship","","","id-1ad00d126b9d90d32411f1fe601ef5f5","id-8089e4191139f979a9d107f89e034195",""
"id-aec3a43e3fc7f7581768a6e9ce06c833","AggregationRelationship","","","id-ec02a8c52e881e468b7afcfc934fcec0","id-1463daa45e6bfa69ff4839b6fe98308a",""
"id-2f3a76c89d8ecf7ef290b9eb290bd5a5","AggregationRelationship","","","id-ea538452917a9a0efe72dec6283447af","id-36566affb8b4e06865b5909227fa302a",""
"id-ef3f98956d1ed4aa59b35ac26d0212ce","AggregationRelationship","","","id-6b8bd176449ad6d5c5856c3d13b8449c","id-59b3fe27b1242f21b93157c72ef4560e",""
"id-439875c0a87ceb4b3521cf6fa5f67e0f","AggregationRelationship","","","id-ec02a8c52e881e468b7afcfc934fcec0","id-b882fb9b3a5038cebcbd0ab12a935301",""
"id-5048fabe6839677de8a6568418b6031b","AggregationRelationship","","","id-9e886fc354299b7bfab29f6c757cee05","id-659cc59d1123679700195c57ae14e4f3",""
"id-58845364650d4e08fa33da9e484f9b5c","AggregationRelationship","","","id-64a909603a4fd238f36508109b9a9d8e","id-0244688fcd6a2109a1eeabe964c2aabc",""
"id-46b6a4031606083e36412621032d4280","AggregationRelationship","","","id-ec02a8c52e881e468b7afcfc934fcec0","id-27efc8c2194fd139e32fded2e22a0c60",""
"id-8f4ee92b9a0688706422905862042173","AggregationRelationship","","","id-28793771489fcac604bb2abc8398d758","id-5e26b0b78729679597abec9a851838ae",""
"id-b3c3efb30dcff77379544fd7b9bcd870","AggregationRelationship","","","id-9addfc2a6a328527e71ce185152ba559","id-3a45e8d41b3704aa2a54c89720bd8f8d",""
"id-a1995928b81d0c314d3e4a764b314555","AggregationRelationship","","","id-ea538452917a9a0efe72dec6283447af","id-7bdbbe0cc5f64fc0c0ad46fbfa02a473",""
"id-2710c22ccae4433e95772a073d3b95e7","AggregationRelationship","","","id-ea538452917a9a0efe72dec6283447af","id-b90db129bbea4a86cb6f18a1cf336768",""
"id-65c1be1793254689c1eb6219d8494017","AggregationRelationship","","","id-64a909603a4fd238f36508109b9a9d8e","id-f0f7e5d59bd3ff1e77e7ba050525d5a0",""
"id-9e40d83363e9f9f6de86e96b006e8221","AggregationRelationship","","","id-28793771489fcac604bb2abc8398d758","id-ca58f8d91d40a32285f1185be593b2c0",""
"id-0ec53e887495dc1955f4889605e03142","AggregationRelationship","","","id-4a33f539cc5e48b6317fdaeb9e78d5ac","id-e228a80fa6b98af99f029beb6298fd40",""
"id-33eb5535ef363157a7e0308b456fa440","AggregationRelationship","","","id-ea538452917a9a0efe72dec6283447af","id-28c53dcae03ef2be46d4aba8d9f790c3",""
"id-f90f1df99d7a84ac78c962e640469790","AggregationRelationship","","","id-e8ff7a3cafa2d9eee35b7eff3bc5b85a","id-7c3e09b74558b42a2f0105ebf102fb3c",""
"id-ca55fa1a5abb4e3aa9a5b3803c8ff45b","AggregationRelationship","","","id-593afc4539b848c880359f290abcf86c","id-baa2918c282d4f0c9ba08647cb324791",""
"id-db7f4fb53d46821d4c209fe29f6d1ce7","AggregationRelationship","","","id-ea538452917a9a0efe72dec6283447af","id-d1c4df01c3242ea9b07ee0f9d130244e",""
"id-79c9f3fdb77d363dd1a6185f9591bb9d","AggregationRelationship","","","id-7652fbb02873e2fe8e99c64c5f22f582","id-bc8c2ee549a687b8cc1a9d7bf25bc13d",""
"id-1cdccd04c7b60e4010a1c1eb4396581d","AggregationRelationship","","","id-a104bfb057584af0f903d0e2b7b0ecc6","id-987764bf09c702121b41f10939c8f515",""
"id-d55b07b4aae854abaa907bc4c6756fdc","AggregationRelationship","","","id-ec02a8c52e881e468b7afcfc934fcec0","id-248cf4321c0cd6c14781dbfdb278874a",""
"id-01e3c384e984cc0177b1360100390b8d","AggregationRelationship","","","id-5fe1a58629d568b7c25085b82d0bf12f","id-9866e165fcae1185204ec68fe5a2a014",""
"id-7e4f052926fbe2d858a3677869f755e5","AggregationRelationship","","","id-ec02a8c52e881e468b7afcfc934fcec0","id-3c790f9de3c5e2b55da538210a93feab",""
"id-bf3278e361b94ea0a8ce2a9af2de8e8b","AggregationRelationship","","","id-cebdcc7b62bc4d7ebaf935f0dab3000a","id-a5fb2c6bcb98435ab9c69a6a6bbf055a",""
"id-f097b336ceb0d746b6a6009c5ded8613","AggregationRelationship","","","id-7efd78fd6f46d2fd4dd77dc3e34a6a2f","id-5711f005084ef14373e5a3a0607b5cd0",""
"id-c933fea5f33af5840e7813ea0067ad2e","AggregationRelationship","","","id-0afdfc9e8539ec1c29cf3363a67d491f","id-dfd6bb5efb42d255c8cd051dd3528732",""
"id-7191d9b3ffaf71e2ac9ea4e8af74d5ca","AggregationRelationship","","","id-ea538452917a9a0efe72dec6283447af","id-85fdcf1a60afefdbea7c17220b73c9c4",""
"id-4ec869a52b5ac7c38f774960ff554fdb","AggregationRelationship","","","id-ea538452917a9a0efe72dec6283447af","id-ceba7039760c56c046fc4e902d95e5fa",""
"id-7f745b320c9e7ecfd459d97be29b27b7","AggregationRelationship","","","id-6b8bd176449ad6d5c5856c3d13b8449c","id-a5aea7b89cbe2536caab8d929eb1583e",""
"id-fca2dd9f843f89693e500673a204caeb","AggregationRelationship","","","id-1343bf85f07f72dd4ff300b30b29d320","id-d3f9455d41fa052a49919b043de4632f",""
"id-eb5167ed3755037fa028feb2183182ef","AggregationRelationship","","","id-5da59973308bf9dd4865ead036953788","id-82d88fdcbaf9ca5b73b6ec19e45b4c56",""
"id-d75885beb9638b030e1f8e9d7af0d4a8","AggregationRelationship","","","id-ec02a8c52e881e468b7afcfc934fcec0","id-125b75123886f5e596d3a9a36f7dc330",""
"id-8d9b48d4bbf4c48634102bfac0f4f492","AggregationRelationship","","","id-bd62cac964552427a3332d00b2057ce9","id-b9a722aa5ca2631bfffd34f1f96f09db",""
"id-80d12c50f425494fb06520663a73ca86","AggregationRelationship","","","id-86618c84c07a401d852354ee433e8962","id-f6cb9e3eb392458793546217d18a8204",""
"id-6d3b4cc61b5bac7cc10a80d2ea330591","AggregationRelationship","","","id-5da59973308bf9dd4865ead036953788","id-98a98b4d5c1ba66f12c08054c99ee0cc",""
"id-3d7ae4c280038a523fd9352a95caa007","AggregationRelationship","","","id-474bee3dfe630bad8e8abe241dddb148","id-b6da7cd4d825ccf8b2f98930a26a1abb",""
"id-3f8455bb27412c7c7100fd93e8e81758","AggregationRelationship","","","id-81e856c6477cb4f71965190f87d519f8","id-1c30720fd57982b87aaea4e766616151",""
"id-58db2f1bca6242f08af21b79f13f7fa8","AggregationRelationship","","","id-1c8efce08d644ea289426858fca4fe1c","id-1d9c6dee7ed944f197e1a1f4cdc3ddc6",""
"id-c18e20b52f4d40181da8d1a0e52a8a44","AggregationRelationship","","","id-28793771489fcac604bb2abc8398d758","id-272c3a51db430fbb1d74c358c45b9cac",""
"id-714eecee3abe8d6c1e755f973c8c9190","AggregationRelationship","","","id-5da59973308bf9dd4865ead036953788","id-6f484419874d9a7ec5b552de3e450d6d",""
"id-8df2cb61adafa266fcd60da4b5ad10b6","AggregationRelationship","","","id-ea538452917a9a0efe72dec6283447af","id-01279b7a45ed1b61c26272d82822f340",""
"id-f0c80a021a497ee8c19f7c693886c386","AggregationRelationship","","","id-ec02a8c52e881e468b7afcfc934fcec0","id-a59d3706165c21c8adaf6538c5535395",""
"id-24ab0cbf727fe87719a8dd3acefab8c3","AggregationRelationship","","","id-a036b110ad5392c39b6912acd493812e","id-c593d61d46386cffffa459f0f3019de4",""
"id-bd406b43480fbab5f19064129dbb0258","AggregationRelationship","","","id-ea538452917a9a0efe72dec6283447af","id-acaeec19f0e1756437c7cba3587bfd5f",""
"id-7baa2637af002868586460b343a760c4","AggregationRelationship","","","id-5da59973308bf9dd4865ead036953788","id-24809b00b1b8de80c70e60fac3df8368",""
"id-921b2c0b9e72b29369a61b4154b9abd2","AggregationRelationship","","","id-d5fa720c1960a378c77d9ab5b608d06d","id-cf78e1e3174510b999f2ed4e636ba2d1",""
"id-8f393b81f5421e0c0c55a97105e92db1","AggregationRelationship","","","id-ea538452917a9a0efe72dec6283447af","id-f99e9c49b7a49de8a798958eb0629814",""
"id-6d6ed00905132be062c82f8ed560b1a6","AggregationRelationship","","","id-6b8bd176449ad6d5c5856c3d13b8449c","id-3c790f9de3c5e2b55da538210a93feab",""
"id-2e81bf617e3c67f6ad8451b7bf53065a","AggregationRelationship","","","id-eeb636f459d1e46db9454b0f1831bf58","id-bb9f2a0b778f2d126802b424909af109",""
"id-c8f21b07b1d898f88a2197b54f07b137","AggregationRelationship","","","id-28793771489fcac604bb2abc8398d758","id-f0ab044f2d4f4c2466fc53264a9cfaa7",""
"id-117f592cb421a3a443bf9021a45267fa","AggregationRelationship","","","id-9addfc2a6a328527e71ce185152ba559","id-096ab3e515590bb7ef8cfb65d9ad91e8",""
"id-4795f2f730d3af2be68fc1bd9e38aec5","AggregationRelationship","","","id-dc996ca8aa0e65bfc1f2ae8c8ab92c3b","id-a44eaf311e0d73501a14ee9d560f6362",""
"id-d6549c958c66fb186cdcfbd29a2c6421","AggregationRelationship","","","id-ea538452917a9a0efe72dec6283447af","id-fe55529b67cdfe9203392e90dedad925",""
"id-b66ffdf97173039bc54d1bccebdb13a4","AggregationRelationship","","","id-2b809503286fcb6ebabc0d1d5c9cf614","id-6798a58e82697a263d9e1419fdbe1452",""
"id-44d8987d1a18993be85c09dfb79362af","AggregationRelationship","","","id-715c34b375c33b2fe5d832fbffbcaf5c","id-5e96542d809cd2a4bf08fbea5a004d90",""
"id-8543e047a7ae4976a39b3267d5d1f11f","AggregationRelationship","","","id-7ec55da1ff7d49afb872051459045db0","id-9a9dffdbeb5b430ab24566f70835080d",""
"id-897ca231290b9a68908b2d7f6dd1540e","AggregationRelationship","","","id-e1547d163a1f71025f42c92ad402705c","id-2e5b0e9bb32d1573658ad8e87361c782",""
"id-eb67d036010a1ce12aebf50f1f6da91c","AggregationRelationship","","","id-bce65a19a59644ecd97d52c78e8fb070","id-1d6f9e2b7ce85ee30c4045b2650358c4",""
"id-ce7d884fb8952a1882e37ceda483217f","AggregationRelationship","","","id-edd8952e22b285cb01503d071389e9f5","id-011520e22598e60066fc5b0d74561a58",""
"id-4baaee6de171806450d6a42ae2ff6a47","AggregationRelationship","","","id-3e7f23c6b044b054b142fe45cd0f24a0","id-0c4c4b922ee08910c42585943a6e41c6",""
"id-a92c204194b686fbb437efbaa8a18192","AggregationRelationship","","","id-f6529cd4570e881912734a7a683760f5","id-dc996ca8aa0e65bfc1f2ae8c8ab92c3b",""
"id-f936d634ef78b060a887cc86b04be8ac","AggregationRelationship","","","id-28793771489fcac604bb2abc8398d758","id-5c6e4b61befcd78d43c56a5104f2c773",""
"id-f73a16f35471391e53a3dc3a27f699ac","AggregationRelationship","","","id-0c3477e829bcdfa433e4bb6415c35b68","id-7591b5c597c701655328f7c5b477ded4",""
"id-7f89cff3d909390e960239f2e7f1b8bd","AggregationRelationship","","","id-eeb636f459d1e46db9454b0f1831bf58","id-011520e22598e60066fc5b0d74561a58",""
"id-efd0f94619ad40334b03cb8eef399092","AggregationRelationship","","","id-5da59973308bf9dd4865ead036953788","id-66341693b624d3eae689c063323582d1",""
"id-4b501bc90f8340a991d6ab745551d794","AggregationRelationship","","","id-3c5c7330af37469a845c6af93264bd03","id-8f4a8c48712143bcb45e77e262d9784a",""
"id-90ff678dd02b4c8793e9d374d4fef5ae","AggregationRelationship","","","id-baa2918c282d4f0c9ba08647cb324791","id-97c78fe597cb48299db3e4f2de2b951e",""
"id-d5ab9c0d5c4caa144e32b181fbc5cda8","AggregationRelationship","","","id-46f7892ded1e514e2a3a59cf702b6cc1","id-7aaca9f8e816eae193a731412ac5def0",""
"id-ab1b5304a5fae1c041a60ee8b34db52f","AggregationRelationship","","","id-28fa77cf1a02f631961b170e71c2d0e7","id-2ef562c6cb0ee9727ff3a7e342ca32f3",""
"id-823720eba0235ed65cd308c0624ee138","AggregationRelationship","","","id-6b8bd176449ad6d5c5856c3d13b8449c","id-fe61a86bf8b190686b74a3529057997f",""
"id-95d32718749acd0918a634bb1e2647ae","AggregationRelationship","","","id-6b8bd176449ad6d5c5856c3d13b8449c","id-89e9e5def26d17beefa079b60895ae3b",""
"id-ce7dc74269bb4863607ca2ce95b41b65","AggregationRelationship","","","id-0a5bc760019f7c4cf23e5d599dcdb61c","id-683bb534b3e6432e5ff95e8a2aad9ae1",""
"id-2122b38e7c8dbad58bfeeae8365f2172","AggregationRelationship","","","id-edd8952e22b285cb01503d071389e9f5","id-bb9f2a0b778f2d126802b424909af109",""
"id-ec2c107e964d06ad67d061bb9e1dc575","AggregationRelationship","","","id-6b8bd176449ad6d5c5856c3d13b8449c","id-4831898fc956ed3260d93b832a265c2d",""
"id-83b69472190783fe171d9e2174b6c869","AggregationRelationship","","","id-77dc8c8132a150009124d77450a21bb4","id-77dc8c8132a150009124d77450a21bb4",""
"id-4c0f0b2089d27087cd2bc722a8525dba","AggregationRelationship","","","id-ea538452917a9a0efe72dec6283447af","id-21f43fc6889bad9da583e70061df97af",""
"id-ad550db4d7055397dfcd85df2734dc3d","AggregationRelationship","","","id-1aa05fc534e4d2a9be6297d76ac09b79","id-fd2a6c893de1ef56d93c6186c215f906",""
"id-81ac09870ea38fe20f011f78f142cd91","AggregationRelationship","","","id-4a33f539cc5e48b6317fdaeb9e78d5ac","id-6d16aa5cbeeb244df8325e96eac488a2",""
"id-df8e59bb7d3c22f867c7931d966e883f","AggregationRelationship","","","id-ea538452917a9a0efe72dec6283447af","id-aaf34fa7c78da784d7e580fdc50b2a10",""
"id-ba0d0d87b1cc468ad283e1c8646aca1c","AggregationRelationship","","","id-6b8bd176449ad6d5c5856c3d13b8449c","id-9135bebfc71668019130f6ab6f3a897d",""
"id-67ad0d748a34c1bb32a33d5134a2258e","AggregationRelationship","","","id-64a909603a4fd238f36508109b9a9d8e","id-86391f4e7ba2ad45a286e10d52bc7cf1",""
"id-cce76812720a69649f6deceb4d51818f","AggregationRelationship","","","id-2ca65ad27032d808b3c8e47db20b75a8","id-7f564d080643a4374e8d0e871bf761f6",""
"id-ff7528c37cb2af5f84913b7a73c49be6","AggregationRelationship","","","id-6b8bd176449ad6d5c5856c3d13b8449c","id-882f0ccb56ed04d4f4ef6af9dcbd941d",""
"id-8b04f1ffbace536fe8abf947d629d69b","AggregationRelationship","","","id-9addfc2a6a328527e71ce185152ba559","id-fa73ba0617fb3e23d960bf5466990c41",""
"id-d73d402178d99ae20f7155e25a9d7600","AggregationRelationship","","","id-ec02a8c52e881e468b7afcfc934fcec0","id-eb47457fd2c283e2c796ba3e7f5d75dc",""
"id-0a5f0a300d7fe13c34318234b9869054","AggregationRelationship","","","id-6d5fa924e13a21b7b8693efc69c8ff50","id-7efd78fd6f46d2fd4dd77dc3e34a6a2f",""
"id-0af3f7b6ec7f7e679e721327d73409d7","AggregationRelationship","","","id-ea538452917a9a0efe72dec6283447af","id-64a909603a4fd238f36508109b9a9d8e",""
"id-ff4bf0a2d43818ddd2af12576e10ffd6","AggregationRelationship","","","id-5da59973308bf9dd4865ead036953788","id-cd28140431fcb3484e68026b06257e43",""
"id-d61223be4aa0779c0a658f7d6fe1c979","AggregationRelationship","","","id-f16e89c2e484c422daa8ce830f287fd3","id-0001d305b0977b04d293e901ccce2402",""
"id-0b43ecc028e2e1e65a2b0db36f1763a6","AggregationRelationship","","","id-f6529cd4570e881912734a7a683760f5","id-3b58857e92cb701b4b2911399add2741",""
"id-ce12d93ed3f757b0cab04b7afaded1f5","AggregationRelationship","","","id-6b8bd176449ad6d5c5856c3d13b8449c","id-d072d92aa3fd6ae0a6a6b084e8b95e5d",""
"id-4d79ac26714b00e070632055deca362e","AggregationRelationship","","","id-0afdfc9e8539ec1c29cf3363a67d491f","id-e865669321cd12eb0ebf32d15e25e6e7",""
"id-41d5cdc92f83167b22968240c8c1dc2e","AggregationRelationship","","","id-ea538452917a9a0efe72dec6283447af","id-81d823efe0153f1dcc51c00f6f01b6f4",""
"id-997024070e72c7494b124977df5c87b0","AggregationRelationship","","","id-ec02a8c52e881e468b7afcfc934fcec0","id-058737e89825038a336888423dc5e693",""
"id-6e93deb6aa27e0cb3b105635644e5bd9","AggregationRelationship","","","id-0afdfc9e8539ec1c29cf3363a67d491f","id-16b8e0e0b5d7f6881a85dd47976ccfe1",""
"id-c12cedd7dfe46a6673679dff1cddcc49","AggregationRelationship","","","id-dc996ca8aa0e65bfc1f2ae8c8ab92c3b","id-2110e52c66b3f0165b2ca9b6202741cc",""
"id-1f035d3d7a12a819e1ed88839b1eaa20","AggregationRelationship","","","id-e1547d163a1f71025f42c92ad402705c","id-41329f798c5f5e263f2fe221261ecb70",""
"id-e7d44ce5d7f5beb6d4ee31f349ffd57c","AggregationRelationship","","","id-ea538452917a9a0efe72dec6283447af","id-1c30720fd57982b87aaea4e766616151",""
"id-516a0e036e612a1239aed2e840cdb61f","AggregationRelationship","","","id-8b84a3e8f3c1e985eb1c3503795068e5","id-e542643abae0f7eaf2f19b0a1a255fa2",""
"id-3562549d38e650631428304500e73b13","AggregationRelationship","","","id-ea538452917a9a0efe72dec6283447af","id-6d5fa924e13a21b7b8693efc69c8ff50",""
"id-732718a6b4f7ad163fbfdf3e586b20f0","AggregationRelationship","","","id-6b8bd176449ad6d5c5856c3d13b8449c","id-610ab58f39cb2198f3b1b7b0b96e877f",""
"id-3d33dc0810ba6f3fb3ce33470533b9d8","AggregationRelationship","","","id-5da59973308bf9dd4865ead036953788","id-ed1fe01470d0f3c8e31f9d0e7cdcf8eb",""
"id-c3767d83cd1039ee83f153edea9f89ee","AggregationRelationship","","","id-9addfc2a6a328527e71ce185152ba559","id-8a1a34c70d5262a1fd14504d02c92cae",""
"id-c31da1b86d4b9657aa3f8d1c65dd1e1f","AggregationRelationship","","","id-ecbf7f73fc0403357f7ff28afa9d0913","id-1700b496a9b02070ab9884ced9eb484c",""
"id-65b1fa28dc6981dd2e91c85909a9e149","AggregationRelationship","","","id-c1f600836fbc2422e5df1ccf72f5d148","id-503672d8d08c29518b8c252a0df0dfbe",""
"id-0727f03b714d6110fbfa685442c5c306","AggregationRelationship","","","id-7ab2b7c1c17821e137f586d0977d8e94","id-16b8e0e0b5d7f6881a85dd47976ccfe1",""
"id-0ff5037929a0215451a52ee83c3b8736","AggregationRelationship","","","id-1343bf85f07f72dd4ff300b30b29d320","id-b8f47c5fcaf416ce3e8b718fa33778b6",""
"id-56f1bba9b3f410673ab3e35db708cb63","AggregationRelationship","","","id-28793771489fcac604bb2abc8398d758","id-956dffca855dd8c60fe0c9b2f1edb40b",""
"id-921df24ca1489d24f8f1be468a1b8858","AggregationRelationship","","","id-e8ff7a3cafa2d9eee35b7eff3bc5b85a","id-0c829175bab2bf10bfce5c2732ed148c",""
"id-5eec76284200f847694768b5576720a8","AggregationRelationship","","","id-2d717117233012c3925d60f9258eb463","id-1f4c1b10300a7c1c84cb89cecbf35cf3",""
"id-1186cb337bcdcf6ad694c01d49154b11","AggregationRelationship","","","id-3e7f23c6b044b054b142fe45cd0f24a0","id-dc8cc618cb61046ba92bb3c3cba3095d",""
"id-8005d8d12d4036d11bd3d6814d96013c","AggregationRelationship","","","id-6b8bd176449ad6d5c5856c3d13b8449c","id-9601cb23a2625d251af5b60ece352263",""
"id-de34b29570d884a494edd3890ee98909","AggregationRelationship","","","id-5da59973308bf9dd4865ead036953788","id-a79e9aea3c0ead00805ba26d12c85e58",""
"id-f6c74e4e450143f89cda38712844776b","AggregationRelationship","","","id-3c5c7330af37469a845c6af93264bd03","id-7693d63456c34f4493ff91b317ffd73a",""
"id-f8b3fec1b259e13000ba0ac1bde61da3","AggregationRelationship","","","id-6b8bd176449ad6d5c5856c3d13b8449c","id-f300fdd786fd751c07df659aa4d95472",""
"id-f5cdabfce8bf786728109b1b94973d32","AggregationRelationship","","","id-5da59973308bf9dd4865ead036953788","id-cf299474211b2e24469ec679511e0a50",""
"id-2c1445f62e3e70b47de2fe8b6ff9fdef","AggregationRelationship","","","id-3104e3ff241a119e5910691b30dc894a","id-f1257a155c987689772da06f8a549cd2",""
"id-25a8884310e4ee62a7922928c2e30d5e","AggregationRelationship","","","id-ea538452917a9a0efe72dec6283447af","id-47ff56c48257fc5b481a97b7a9040315",""
"id-452ee675e2c6500ebf55f896e72db5f4","AggregationRelationship","","","id-ea538452917a9a0efe72dec6283447af","id-eba6b879c401704dc36fcbd671edd8bd",""
"id-29db8eaf86db14624dbc99066865bed4","AggregationRelationship","","","id-d4b71fb62648c70cfca6a56934516451","id-d4e74ad5971cb2b65da53591c06e60a9",""
"id-b76f5b52e72a16113f594d1f055b3880","AggregationRelationship","","","id-b342dbf6e86b51846f94183e69798bf3","id-1aff5e9f14b702573d9f6107aa69df62",""
"id-442f05cd661089b8de398eaa0ebb6633","AggregationRelationship","","","id-e8ff7a3cafa2d9eee35b7eff3bc5b85a","id-b92da2c19884c73ca22beade3b2819c4",""
"id-215fcb425343f943c7176ed31d0e9480","AggregationRelationship","","","id-474bee3dfe630bad8e8abe241dddb148","id-afcc946d945cb971985c2ff7666437ec",""
"id-7f28ede10c2fac9f12586057dc22846d","AggregationRelationship","","","id-9addfc2a6a328527e71ce185152ba559","id-011520e22598e60066fc5b0d74561a58",""
"id-c394c0f8a98a94665d272fdcb59c4081","AggregationRelationship","","","id-6b8bd176449ad6d5c5856c3d13b8449c","id-43d5890b61cd143ec0c68545201dafaf",""
"id-ff723b860e84b19b76e637594673bade","AggregationRelationship","","","id-8ca5a364e79c9d94e70a85eac3a94460","id-838e6bc4be53c3dac4157284113d20b1",""
"id-6d891cea89641aefe66aa99b721f15f8","AggregationRelationship","","","id-8aa92fa48d57fdcfa59c8c39a543fa47","id-aea44886188d60859c1fef5b3608179d",""
"id-327dee1a594c70126df5ed83156c4828","AggregationRelationship","","","id-64a909603a4fd238f36508109b9a9d8e","id-b685dcbaf4a21ad7d008015cbb6b6133",""
"id-202fdac218b5897052e4d2a74b0e9330","AggregationRelationship","","","id-ea538452917a9a0efe72dec6283447af","id-b9a9c574c155aa8ec34ed3ce07d4ebd5",""
"id-bbf2d5e69d6ac06f72c565c6e6d9c244","AggregationRelationship","","","id-ea538452917a9a0efe72dec6283447af","id-2029870376e772f86b694ca72a7fc015",""
"id-303e61fdd4e4fc95dba1d20b6cc1ab39","AggregationRelationship","","","id-ea538452917a9a0efe72dec6283447af","id-a32ba75e4183cfde04cb6e34c13b3185",""
"id-d99712217debb6ba47fcc22dc70edf6a","AggregationRelationship","","","id-ea538452917a9a0efe72dec6283447af","id-40da111c69efe2599b4c905a1a60389f",""
"id-57a8ce41defe46948c848716c9bc2d3c","AggregationRelationship","","","id-593afc4539b848c880359f290abcf86c","id-2bd584910de1455793b4ec325bd8540e",""
"id-4081f9e909e1b36a50136745f43c92f1","AggregationRelationship","","","id-0c3477e829bcdfa433e4bb6415c35b68","id-2adba647aa78330375b1f04bea3ee983",""
"id-beeb6b942b0e07ed129992cab2f72463","AggregationRelationship","","","id-9addfc2a6a328527e71ce185152ba559","id-0be68680d0731d9d95b5af71089c31b6",""
"id-1c5700913bfc1496877b73a736a4af2e","AggregationRelationship","","","id-ea538452917a9a0efe72dec6283447af","id-fa1e486f2dca58320b33fd05088d4c22",""
"id-eada1678234e87d7a314b70181dc6415","AggregationRelationship","","","id-9addfc2a6a328527e71ce185152ba559","id-d835e86cc52efc17df04b9c76a480882",""
"id-c255be6076f577495edb8a3165f7d33b","AggregationRelationship","","","id-6b8bd176449ad6d5c5856c3d13b8449c","id-bf2fe8a90d804b594eda9ac634ac1b70",""
"id-287a5717b944669305ba7e2e1f1d2d6e","AggregationRelationship","","","id-6b8bd176449ad6d5c5856c3d13b8449c","id-0b9118d89aff4f0329431d2b14679d34",""
"id-59f095e23e455e8d3d28cac30d70d84a","AggregationRelationship","","","id-0afdfc9e8539ec1c29cf3363a67d491f","id-7c3e09b74558b42a2f0105ebf102fb3c",""
"id-16f824c1d18dcb8de0b14fb3145e71bc","AggregationRelationship","","","id-6b8bd176449ad6d5c5856c3d13b8449c","id-8e62c8d916a904aeb5e311ea80ea5d0a",""
"id-a106168d25eed58bc7a938a4dde2d0b9","AggregationRelationship","","","id-f5c3af3b9fe102cc3ea55db6725c5567","id-1c73293ae9edeaa14ec1b75ce83a2a75",""
"id-f37bb475f90f9d15849ebd05739cacc7","AggregationRelationship","","","id-e8ff7a3cafa2d9eee35b7eff3bc5b85a","id-16b8e0e0b5d7f6881a85dd47976ccfe1",""
"id-f0500ff82e49fde1f9d739631a562d14","AggregationRelationship","","","id-f5c3af3b9fe102cc3ea55db6725c5567","id-66b3bd0bec3c623af18b9bd233f2b82c",""
"id-7541ca62863a490987f2e8e116784819","AggregationRelationship","","","id-1c8efce08d644ea289426858fca4fe1c","id-2094314967854923b7914cc1ccc1cf93",""
"id-749c9b8fff3f7ac6af770f92bd0dff70","AggregationRelationship","","","id-2d717117233012c3925d60f9258eb463","id-3e7f23c6b044b054b142fe45cd0f24a0",""
"id-f815554be9016723523644cf3fb50ca1","AggregationRelationship","","","id-4a33f539cc5e48b6317fdaeb9e78d5ac","id-8b9311e71cfcd349d02393c58c8651aa",""
"id-340c2ad5c636431a9ccad59bf9fb81c6","AggregationRelationship","","","id-3c5c7330af37469a845c6af93264bd03","id-8cd68c03ab5d4b2582df64b7ff5dd5a0",""
"id-1ac0e59f38efe31731af754b8a17ead5","AggregationRelationship","","","id-d6d70590963ef3752048f14bb389a69a","id-a32ae42785cc3edea4242ec1e93b68ba",""
"id-9baa0989e77fde13bcbb3b1c15594f50","AggregationRelationship","","","id-ec02a8c52e881e468b7afcfc934fcec0","id-cb5bdefde2acdb95aeee95f5ece7a064",""
"id-5ef9978708d97f26709f6915359de032","AggregationRelationship","","","id-28793771489fcac604bb2abc8398d758","id-63553c7ffb3e394232705c07ecab9a79",""
"id-f4e14b19266051cdedc45cffdcfe9d51","AggregationRelationship","","","id-5da59973308bf9dd4865ead036953788","id-740bd12dbb85df94b8432f3fc01be5e8",""
"id-d74d1c861d966938e5c70b26162b71c7","AggregationRelationship","","","id-ec02a8c52e881e468b7afcfc934fcec0","id-ea607224e3feb2606edfa60830d1cf5f",""
"id-3ac90b0f735b034b4f8fd82e692e7e35","AggregationRelationship","","","id-6b8bd176449ad6d5c5856c3d13b8449c","id-726f6987b079ca4764469b86ff596bf2",""
"id-41d7c887111e4939b632e81ba9d205ee","AggregationRelationship","","","id-28793771489fcac604bb2abc8398d758","id-ea607224e3feb2606edfa60830d1cf5f",""
"id-7c8abb8c6c381fcd2ad6c3b6e8d59bd6","AggregationRelationship","","","id-9addfc2a6a328527e71ce185152ba559","id-44c5a2c356ae428051d13a45698ae439",""
"id-34714cd918474e4aac56381934440ec9","AggregationRelationship","","","id-baa2918c282d4f0c9ba08647cb324791","id-67aa8a4016ec4f4d93f2389f848a4394",""
"id-17c0387441cf7e3e48da4dcda8e86fda","AggregationRelationship","","","id-9addfc2a6a328527e71ce185152ba559","id-d38e46927cb5ac0bdb7c99ec6031d18a",""
"id-a26f73f30309e4e00490f4f8e5a16ab8","AggregationRelationship","","","id-6b8bd176449ad6d5c5856c3d13b8449c","id-0f3920de61d70e0ea9ce22d04e36c0c5",""
"id-0a55b317ce85d5aa31081acd386d6b87","AggregationRelationship","","","id-ec02a8c52e881e468b7afcfc934fcec0","id-4b2d6c2053352b65962f9db2a6fdfc94",""
"id-be187e425df96ce762fe384ba430d1b9","AggregationRelationship","","","id-ea538452917a9a0efe72dec6283447af","id-863ecb88c42d6505adc502462bd4a897",""
"id-144638f09ce899d2af85deea472676a7","AggregationRelationship","","","id-ea538452917a9a0efe72dec6283447af","id-d7f7fa06d5f4cae1bf6e570a52182704",""
"id-bc3cabedae392ced28dcd4bd57221083","AggregationRelationship","","","id-ec02a8c52e881e468b7afcfc934fcec0","id-a104bfb057584af0f903d0e2b7b0ecc6",""
"id-86c26899e3d354e72c7a4a2e0a893460","AggregationRelationship","","","id-d38e46927cb5ac0bdb7c99ec6031d18a","id-98d6ef08423a6619a6950f5f732e4937",""
"id-9773fcebda4c20f53796e604618a9fcc","AggregationRelationship","","","id-3fa2ed984da0906e839fa366de110a96","id-93cdabbc4687720f293d8142a5009459",""
"id-1c46c0847b763cb4083f660129d29ec8","AggregationRelationship","","","id-6b8bd176449ad6d5c5856c3d13b8449c","id-b828875867ca1b25b4cb4458753853a3",""
"id-5e2dec1c751b03b7dba9e65b44466423","AggregationRelationship","","","id-ea538452917a9a0efe72dec6283447af","id-fe8dc5ac4a2ada1a90c871db729841bc",""
"id-1cb5bd2ddd0d6d2d0eb22621eed31f3a","AggregationRelationship","","","id-ea538452917a9a0efe72dec6283447af","id-fb22c90dd89e60b1cbdb96ac325b36e3",""
"id-42db11d1be5548df5681104a4ef57cca","AggregationRelationship","","","id-dc996ca8aa0e65bfc1f2ae8c8ab92c3b","id-12f2bdf2ecce40345ec427e4d47b4264",""
"id-8f13bf7bea2ab48ce6cf4a92a7264267","AggregationRelationship","","","id-1343bf85f07f72dd4ff300b30b29d320","id-ff10ce3d1c11eb667165b41f0f7bdcaf",""
"id-dc3447768458fdf56c158a584f3c7dd9","AggregationRelationship","","","id-29b97d01f368edc9ff9c98e5076115f4","id-8e3ecfd01086513c7c1ea94bad6dcb27",""
"id-228345318f19938c991221e2be5ba8a1","AggregationRelationship","","","id-0a5bc760019f7c4cf23e5d599dcdb61c","id-f7d7dca5b25ea58bb36a667148ff1a96",""
"id-72b7d24281726db50358992fdf1463b5","AggregationRelationship","","","id-d7a6d688eb7c2872f8d42ee489c20ef3","id-7efd78fd6f46d2fd4dd77dc3e34a6a2f",""
"id-0e19f668ba762b28109160f7ea812d45","AggregationRelationship","","","id-3d816e47d40104153ce9812c0b303772","id-8e365978406bc5f85b0d7b7059a349e4",""
"id-ad6f984f2026d6242b2693feede2f8d3","AggregationRelationship","","","id-58dfd7e7f4eccc3d2faea3b35fa7206c","id-40bd57a76214d159ab084e6c323f69fe",""
"id-45069e72a71683366f91f406f2225b60","AggregationRelationship","","","id-e1547d163a1f71025f42c92ad402705c","id-240e2c48a647739c41d01cc0142d309c",""
"id-b4944cd21ff8a55ff3d9fb0d9c300775","AggregationRelationship","","","id-0afdfc9e8539ec1c29cf3363a67d491f","id-382ef61660c6101c195b9c59a2fc044f",""
"id-dee1e6e4e1854e54b97373d8316f15c1","AggregationRelationship","","","id-eebea832a64940e58a61e503dbddbf43","id-aa63d427154447698bb6caae7ccb529a",""
"id-cbae73ae3ea141edfe2e3be7608f171d","AggregationRelationship","","","id-6b8bd176449ad6d5c5856c3d13b8449c","id-798a11c85cdfdd98553c0cfc9b2887c8",""
"id-8887edeca70b53135a37538ac02df942","AggregationRelationship","","","id-2d717117233012c3925d60f9258eb463","id-e6399981fbf8017d99694d29697650d5",""
"id-86f72f6f9b9c1e527a2d56153dff1f23","AggregationRelationship","","","id-6b8bd176449ad6d5c5856c3d13b8449c","id-272c3a51db430fbb1d74c358c45b9cac",""
"id-058e8634593af8b29f4b83d058729f5e","AggregationRelationship","","","id-726fc64dafffdcde009b68ced2afd7a7","id-20eac54b771fe2ae885f704bdbdde6d1",""
"id-5493139227703e4da03c0d9606446c15","AggregationRelationship","","","id-5fe1a58629d568b7c25085b82d0bf12f","id-9c06ce16ebfd1c03defcdb9d1af15992",""
"id-3bd2bbd0e16f9fb36be7e76fb5156f48","AggregationRelationship","","","id-9addfc2a6a328527e71ce185152ba559","id-c69270d37cc0efa42097a11685ba3273",""
"id-25d08fa9b5dd3c3958544de93ca6f105","AggregationRelationship","","","id-607aa96e4a2005fba85fe045f62b8747","id-46fcf63fc28f5cdb1f3254d033a042cc",""
"id-3035604ce4d1f5b5b6ba161c1525a0b4","AggregationRelationship","","","id-075ced1b09ee36197ed8038dc9a95de4","id-627cc8ad867374995ab48fc3ccd492c5",""
"id-0b9b11c510ffe42f5ed54fc552edc58e","AggregationRelationship","","","id-ea538452917a9a0efe72dec6283447af","id-c91e62747015a43241e5b1d615a0cd66",""
"id-a5950c7a9db283c73e565376500016df","AggregationRelationship","","","id-6b8bd176449ad6d5c5856c3d13b8449c","id-e42f91bf9e67a068d4d0a5c201cc5316",""
"id-c2ee02915944f162b6b1b6279de0f093","AggregationRelationship","","","id-075ced1b09ee36197ed8038dc9a95de4","id-09932520e26b224b93b2baebc499eb28",""
"id-293014f163b13199927b19153e81b104","AggregationRelationship","","","id-6b8bd176449ad6d5c5856c3d13b8449c","id-2d468cf15b313f40f001ee75b3c07f93",""
"id-2ccfd938c1ef7f0e7265e4a758f5db32","AggregationRelationship","","","id-c1f600836fbc2422e5df1ccf72f5d148","id-3b9519ba3ce7602802db43ed79201c23",""
"id-9a7832eebee6f7f489eca9757233e250","AssignmentRelationship","","","id-1c9623fa27ad18cc249edacda4cb1f51","id-17328ed9350743a9ecdfa5dda39fe43e",""
"id-414d3e78f08b07e0b48f37105872b9bf","AssignmentRelationship","","","id-26dbb885b01bb54d3e6f5d0297aa568b","id-d6d70590963ef3752048f14bb389a69a",""
"id-7dfa07f5bdd91ce6c7a3b73df9fda7a6","AssignmentRelationship","","","id-bb7966857f6d9b7739ccbd4adee465c9","id-58c48f69e06c23a66fbb2c7f865e4344",""
"id-f2e138434e6f07ace40aff32adfb9524","AssignmentRelationship","","","id-2ecd6780fa161116bcaa357d257ec530","id-78f80027e8454ef27a2916ccaada86b2",""
"id-6e7fa26b06aafb702e9c8c3d72ce005b","AssignmentRelationship","","","id-ec603ebcdcac84915de2d7df23a6c791","id-9c1ce51b8bef13c577f4369e895869e7",""
"id-4c638fe799664c2caa9ca32291d11d55","AssignmentRelationship","","","id-14e78360dea045bfb846f8eb95c8affc","id-26dbb885b01bb54d3e6f5d0297aa568b",""
"id-93a1fe7468aac617b5d9426e6bb3da71","AssignmentRelationship","","","id-8ac3f75f0d20b8f37180699031de424d","id-17328ed9350743a9ecdfa5dda39fe43e",""
"id-373094b0e17ea5b2ee4c5e41849825e5","AssignmentRelationship","","","id-f8a90a7fdb663a176040896616f76247","id-17328ed9350743a9ecdfa5dda39fe43e",""
"id-fd4b268e879fa5cf325ac6e0cc768687","AssignmentRelationship","","","id-248cf4321c0cd6c14781dbfdb278874a","id-5763dca7ea3427a38f3ee86155c6d3b1",""
"id-154fc469ab0df18cdd6f4312576c6888","AssignmentRelationship","","","id-8879d6614cfdc1a768ce420db49ae4a8","id-6d16aa5cbeeb244df8325e96eac488a2",""
"id-0048b05f852010874ef3f99e78117d48","AssignmentRelationship","","","id-ec603ebcdcac84915de2d7df23a6c791","id-d3ae9c322a7f06b72c00e8949bd4caa4",""
"id-add7f5a93c2337d8700448daf669a23a","AssignmentRelationship","","","id-987764bf09c702121b41f10939c8f515","id-fe0c862b2d0d3f0e792c35a912a2603d",""
"id-24e0e765071120af685aed7c6ff2e012","AssignmentRelationship","","","id-ec603ebcdcac84915de2d7df23a6c791","id-cbdb3b71ba06df87b711429ab338bb7f",""
"id-7941c4cd745f45da8aefea8886bd4336","AssignmentRelationship","","","id-248cf4321c0cd6c14781dbfdb278874a","id-af37d4b1d653bc78ca6b0293a38cabc3",""
"id-96b16403c14ee812e5965191c0207f16","AssignmentRelationship","","","id-8879d6614cfdc1a768ce420db49ae4a8","id-233c87570df225774b5d6aef73830284",""
"id-918b033e80a648e0886b51ef5c4c6734","AssignmentRelationship","","","id-c5575a57de88420d98425c5b1fcd64f4","id-b146acf28144d00a8e6f1e7088869604",""
"id-0b83f3c94da60ea35949eaa5fb213e25","AssignmentRelationship","","","id-0d50b5e59c50c427464d650baea2abfe","id-a4c0237228261a26015e6f51887bfe9c",""
"id-b083aa2fc55d1fe1c96003f05c560d93","AssignmentRelationship","","","id-c0f1fd1d5ec66c78b4a0226c2008da7e","id-c69270d37cc0efa42097a11685ba3273",""
"id-1f9220a3605b04f5db0819e7a6cc48cf","AssignmentRelationship","","","id-bd3e3a5c156c09dcbf4a0229725ca067","id-ce5cb7c0a64ff5260fa5ef6c406fae74",""
"id-234e7d0655c3aa8a49273024fb89f98b","AssignmentRelationship","","","id-1c9623fa27ad18cc249edacda4cb1f51","id-3e9ca2325491cee0141f19739bacbbfc",""
"id-51507c50c2ec1cc75289d0f1353424a0","AssignmentRelationship","","","id-58c885afe866a201c7aa7b648237cf9d","id-086d0330afe3609d1dd66a52f033d26f",""
"id-9a60bf85dd242a68afdcbe0888a1a326","AssignmentRelationship","","","id-1c9623fa27ad18cc249edacda4cb1f51","id-0c639a999850337f99bedba4a377cbf0",""
"id-372dfdea409638755301554e5a48e92f","AssignmentRelationship","","","id-05161e8aafa35a8d2a9ce45a6ce50f72","id-82d88fdcbaf9ca5b73b6ec19e45b4c56",""
"id-bbf4492833ac6767d79cb4b3dd3da865","AssignmentRelationship","","","id-1dc302c6f8b3b930d7591a70155ce351","id-1b2822b87d3816dc03aad0c7965fea19",""
"id-4824ad16bd430a2bf5fc477687d7c224","AssignmentRelationship","","","id-5d854ff358e5f7a51c39ee102f05f3a1","id-6a466d971551d864d839ca7451e8ea94",""
"id-1efb0bc9ae34c18e07a561fbd2555544","AssignmentRelationship","","","id-e34d4cfda3dd71d7c4c227bbc8e7adda","id-98eb59ea5c4c459aaa999b6c408a85cf",""
"id-10bae0679492ac448a56e6b865aef5d7","AssignmentRelationship","","","id-26dbb885b01bb54d3e6f5d0297aa568b","id-3830561200a795c62ade8ad3304b7e86",""
"id-efbc0c725aff6b3a41aa35225ac9ec4f","AssignmentRelationship","","","id-eb47457fd2c283e2c796ba3e7f5d75dc","id-9b304b9b4eb5ccd5991441fd861e614c",""
"id-fd11fd7f704f6db3feec27a1b6c4cf30","AssignmentRelationship","","","id-bde127a5704ecac98d4b22fc6514d807","id-45e8e74aae26ca4b9db7db67830ef803",""
"id-2a7a53909718470693f4cc0bc64d8479","AssignmentRelationship","","","id-ea16334cd4f347f1b696719274360f55","id-b146acf28144d00a8e6f1e7088869604",""
"id-ef42b6ad5cf03cdff96bd74d2a982f9b","AssignmentRelationship","","","id-d98434e975b74bdbaabca4e1e7daf4c5","id-fe55529b67cdfe9203392e90dedad925",""
"id-6c5b0b3eef3761694424d8a77d58808b","AssignmentRelationship","","","id-eb47457fd2c283e2c796ba3e7f5d75dc","id-ebc74d529450c5e7109b11e6b4bb6b2b",""
"id-c209f3f8c3ac86f460919ac2a40b4b06","AssignmentRelationship","","","id-81d26f21ba6dd02be8bf384b15316c10","id-9586836ad0e2147d20525bb7aac3a55a",""
"id-472395111df88dd89974051682e72e3f","AssignmentRelationship","","","id-29b49cc71b05091262abcd32f76e2445","id-a79e9aea3c0ead00805ba26d12c85e58",""
"id-5c64864c2ecc0ea9170a192bb3263caa","AssignmentRelationship","","","id-9ce4ed39df39d31233c9e2b75416d92f","id-15a0d6bec80fc381e2340be1fb982c99",""
"id-4c596b188f7e4e6951e9d59f81c759a9","AssignmentRelationship","","","id-1463daa45e6bfa69ff4839b6fe98308a","id-d9de58dee6f2d8c1b01b463be61ff8cc",""
"id-623ecc55687d5a51adc2e2e22a7072fa","AssignmentRelationship","","","id-e34d4cfda3dd71d7c4c227bbc8e7adda","id-644e585eea269f76806da611e54ab216",""
"id-a8fc4c4294df867ac3d211b3d0ad1d79","AssignmentRelationship","","","id-95b8467eba8eeaa35b7503013e44a1da","id-98eb59ea5c4c459aaa999b6c408a85cf",""
"id-4f4362c152422086075c44689e220b7f","AssignmentRelationship","","","id-1c9623fa27ad18cc249edacda4cb1f51","id-a3d9284b5687be2c3ee370ff47d9a727",""
"id-211ae43daed8940ff18ed4bff1b73100","AssignmentRelationship","","","id-1c9623fa27ad18cc249edacda4cb1f51","id-96974ad18981e6e5ba6aa6854516e664",""
"id-be866db7c5a079e9fbca73daec5c91d0","AssignmentRelationship","","","id-248cf4321c0cd6c14781dbfdb278874a","id-fda928b1557f9c30c9177ababd3890b2",""
"id-e8f974ecf426ac78d6b13207f94557a6","AssignmentRelationship","","","id-6f88a2618e7b4dac62e7dd814894033a","id-2d9d33ebc68bc2286452014cd0083f21",""
"id-32fd1f10a1b66105be040a67d83a4c71","AssignmentRelationship","","","id-248cf4321c0cd6c14781dbfdb278874a","id-bdc7521f018e0289d47b49bd858eadbd",""
"id-a32038a1f54bdbe4ef5a0afcae87e109","AssignmentRelationship","","","id-d45ad2785ce309a8a5bccab9dfee007a","id-bef97ac3e021dca1e737e2f3bae628cc",""
"id-11957c863c4d56dbac10a70e8cfe35c4","AssignmentRelationship","","","id-f02e0b234f5e8715b2c34d78f94792c1","id-2639daa0289cf9b3ffe9fab6b3fc7a27",""
"id-ad769ff2137e3643fb160c4c6ac6fa32","AssignmentRelationship","","","id-eb47457fd2c283e2c796ba3e7f5d75dc","id-84278e91abe974661c1639494f7262ed",""
"id-8f812755b624dd97c5d364bd33dc9759","AssignmentRelationship","","","id-f8d6447876a3e93c365e57b0da018a5e","id-ceba7039760c56c046fc4e902d95e5fa",""
"id-c2eb656c3e3137d1794941dc26df007d","AssignmentRelationship","","","id-ce200b8a26a1091ab3681ff1bf5566ba","id-15999cf59def1af67130495900502068",""
"id-e2755506da4c43f2a15039de9f585cc4","AssignmentRelationship","","","id-248cf4321c0cd6c14781dbfdb278874a","id-b499dd6bf5ff1a6ff7fc125b95b07275",""
"id-5098d74f6bd34ac7bcafe3ee8695b73b","AssignmentRelationship","","","id-cb57997fde444b8c8acc97b66ae0dafd","id-fd69ad3c83e941109da10d0dae541cb1",""
"id-ac7c54aa7d3b22bdca2e4931fd81d90b","AssignmentRelationship","","","id-5e8f9676410bca6d4072bef692c20cef","id-4a607bf765c83c907dfff2b8dbfaa6d7",""
"id-2f742ce510b9ca180a1030f9e7956e79","AssignmentRelationship","","","id-248cf4321c0cd6c14781dbfdb278874a","id-a86c81e4ed4639e48d6a5c41ae2f1331",""
"id-29622a98c4eed7f8e945cd6663293a7d","AssignmentRelationship","","","id-1c9623fa27ad18cc249edacda4cb1f51","id-d3ae9c322a7f06b72c00e8949bd4caa4",""
"id-21197e5baef0c45b1b07e37e23e8f5fb","AssignmentRelationship","","","id-ef98c02f9711c66e2f17171745adab88","id-98eb59ea5c4c459aaa999b6c408a85cf",""
"id-602df69ff244f5dcd35fecd8d899222c","AssignmentRelationship","","","id-a104bfb057584af0f903d0e2b7b0ecc6","id-24809b00b1b8de80c70e60fac3df8368",""
"id-f6f8d93d40bedb27cca45c71cc504c62","AssignmentRelationship","","","id-2b4b411c9e59e767d8e541e0a2940731","id-8997e1588838c8e3a6eda02f0879bd72",""
"id-ee90612845854a9290032de4534b09b1","AssignmentRelationship","","","id-7ec55da1ff7d49afb872051459045db0","id-ef98c02f9711c66e2f17171745adab88",""
"id-c276bbf73ecdd0c1219ef2c8229dc2cb","AssignmentRelationship","","","id-5e54741af0b4cb001e54598f9709425c","id-3747ea0f23d1ab5ba6222e07256e1d69",""
"id-3e0b471b935403c17408863703ef72ad","AssignmentRelationship","","","id-bde127a5704ecac98d4b22fc6514d807","id-9c1ce51b8bef13c577f4369e895869e7",""
"id-6ac1ef9c77ab44c0ad0c894bff0c5fd1","AssignmentRelationship","","","id-b79055a3cd5e4980ac693fd49587d8af","id-3f4a810ad7bd4697a842fbde17a9016d",""
"id-4d3926da397d5803e1dd2e0d7b7ee521","AssignmentRelationship","","","id-afbe1838ddbb3030f3e8963011c5b34a","id-bd0ccd8695f50b35b04a0dbf4c1f54de",""
"id-b9dd729e006dea4a89a27019182d2ac6","AssignmentRelationship","","","id-eb47457fd2c283e2c796ba3e7f5d75dc","id-5dd15a4e81c1d6d9717ce6c8b252eb63",""
"id-72878856eb98c66ce800c99e1f885afa","AssignmentRelationship","","","id-f8a90a7fdb663a176040896616f76247","id-46069ab93026d5015313eec11e8880b3",""
"id-ab7906712712407c889bf784c4ffc301","AssignmentRelationship","","","id-df0ed4a16ea1460ea756f84bc003fc18","id-3f711475395b40b8bae2198c203df52b",""
"id-edf5f4c0037e7fc1f3ef8a354fbf1458","AssignmentRelationship","","","id-eb47457fd2c283e2c796ba3e7f5d75dc","id-db0f30a5bc0c0374a378a0b8b8298bec",""
"id-5b2274f8e4a2d003ac88e8afd9dc2ee6","AssignmentRelationship","","","id-248cf4321c0cd6c14781dbfdb278874a","id-d9de58dee6f2d8c1b01b463be61ff8cc",""
"id-85c8185c5151f36534d3bd48ae66557c","AssignmentRelationship","","","id-5e8f9676410bca6d4072bef692c20cef","id-b828875867ca1b25b4cb4458753853a3",""
"id-8758ad2bc99992b2a655f1fa0447cbbc","AssignmentRelationship","","","id-75e15533adf61fc41eb5df7d1698a27b","id-b8debc9af89b06842030a79df4ceaff2",""
"id-4d9750f4dfd5b734e6dd524bbe443d5c","AssignmentRelationship","","","id-248cf4321c0cd6c14781dbfdb278874a","id-7bd1584974f01a8e1f6ddee0f0b72ad9",""
"id-eb5ec191917df69348bea6cd3af2d54a","AssignmentRelationship","","","id-248cf4321c0cd6c14781dbfdb278874a","id-4a607bf765c83c907dfff2b8dbfaa6d7",""
"id-76b2456fd6b9540dd11fb3ecc5885bd0","AssignmentRelationship","","","id-a1b1742e45c2fc7b4c2ca07946136cc5","id-bb7ec7bc14f0d06f1c9831ed79a99341",""
"id-9b6d9e207d479196cdee0676720b9dc5","AssignmentRelationship","","","id-248cf4321c0cd6c14781dbfdb278874a","id-bbe4dec59bfe603bdc5f12df9768e18d",""
"id-e344d94430d36576494a1656d924eb01","AssignmentRelationship","","","id-248cf4321c0cd6c14781dbfdb278874a","id-95cc787b1669f66c5da87d40ffb3735f",""
"id-f722f1c00d2e405b9312ba5ce2b3cd77","AssignmentRelationship","","","id-b8b92c7df19e43ffa6f0bf040742fae2","id-1edc3b63c5ae4909a1068b98c4c4ec8e",""
"id-f3537af61698457c990a336e36aaac36","AssignmentRelationship","","","id-86618c84c07a401d852354ee433e8962","id-dce12943b414197c59b69ef01644c447",""
"id-c36be223f669a6f33ff914712c315929","AssignmentRelationship","","","id-5d83c7161e9f3c4a2ad0154d4efa0b7b","id-3f4b68754d70cf93512d693d35d01096",""
"id-b54fccb5d8b156bcfe0de433d9eef35a","AssignmentRelationship","","","id-ec603ebcdcac84915de2d7df23a6c791","id-95cc787b1669f66c5da87d40ffb3735f",""
"id-2f6721450dd616468e6ab86e5a75de06","AssignmentRelationship","","","id-b8b81b18212ddd02afecfe10c2b1f773","id-2e17f51baba18b35c560eac73cc77369",""
"id-792e2ee5207840c46170fea0458a24c8","AssignmentRelationship","","","id-80d338eded0ad7e2af7c8c2c21d14a78","id-b40952e93b980dc74e0a4aa9f15d38d1",""
"id-d0e6c4d2dfd187759002c5b4975df5d8","AssignmentRelationship","","","id-248cf4321c0cd6c14781dbfdb278874a","id-081df702ac1c5494be73f01d53efe65c",""
"id-34601cbdd989bfd6122125d2020387f0","AssignmentRelationship","","","id-353860372647bbc2ad2672ead17ed90b","id-4f540ea04bc0c8dd3cbc9e7576a8ca70",""
"id-5e8db194ceef23dc72a94f5651748aa5","AssignmentRelationship","","","id-1c9623fa27ad18cc249edacda4cb1f51","id-09932520e26b224b93b2baebc499eb28",""
"id-b1ca8338916945536d4c87fe9e3ca0d1","AssignmentRelationship","","","id-e0550ec6740d5cfb18387eaf8da5ea3f","id-d776f26f0c64c0ba874469f4eda60c13",""
"id-23fe8467ec5d1b798b8d16be5f1b639d","AssignmentRelationship","","","id-2ecd6780fa161116bcaa357d257ec530","id-e7e0ed6c463049def8617063953bbef3",""
"id-4a6e7633c8ea9aa5622c482288f4cc8f","AssignmentRelationship","","","id-1c9623fa27ad18cc249edacda4cb1f51","id-4a607bf765c83c907dfff2b8dbfaa6d7",""
"id-77bd662cc5b63d04a2d1e2ccabfddc8b","AssignmentRelationship","","","id-2b4b411c9e59e767d8e541e0a2940731","id-95cc787b1669f66c5da87d40ffb3735f",""
"id-f35ceccd4967c3182480b34275d14fc4","AssignmentRelationship","","","id-7c59f052556cab3558142bf1c5f69e43","id-0c639a999850337f99bedba4a377cbf0",""
"id-338fc69be631b044872e35dea1d0dced","AssignmentRelationship","","","id-1c9623fa27ad18cc249edacda4cb1f51","id-bdc7521f018e0289d47b49bd858eadbd",""
"id-cbc05e4baa1a0d4d9da3531b680c866f","AssignmentRelationship","","","id-eb47457fd2c283e2c796ba3e7f5d75dc","id-d9de58dee6f2d8c1b01b463be61ff8cc",""
"id-c8ac413efe804e547f22324e7a9ef4ba","AssignmentRelationship","","","id-0a20802b79f4768ac6dc10f1f2dabe1b","id-2d468cf15b313f40f001ee75b3c07f93",""
"id-8637a75428670602a4b545d4399c3aa8","AssignmentRelationship","","","id-26dbb885b01bb54d3e6f5d0297aa568b","id-6c59ebdf1cff078604b405a5ae590a6b",""
"id-656762c71b176c6287410b3de515c1e4","AssignmentRelationship","","","id-eb47457fd2c283e2c796ba3e7f5d75dc","id-ac472cf779904a4aad9a4a9d2100d585",""
"id-3cd66f0739c0b4a76fc0f57f0080da4b","AssignmentRelationship","","","id-a1b1742e45c2fc7b4c2ca07946136cc5","id-a86c81e4ed4639e48d6a5c41ae2f1331",""
"id-7d8175c8adad68890ba02c888fc35ad8","AssignmentRelationship","","","id-bde127a5704ecac98d4b22fc6514d807","id-80835b7dffa7270bbdf9d130a6914bc4",""
"id-d34b8b5d15181830cf894371c23357db","AssignmentRelationship","","","id-5e8f9676410bca6d4072bef692c20cef","id-8997e1588838c8e3a6eda02f0879bd72",""
"id-de37d3c884a8b90e6859952fea731445","AssignmentRelationship","","","id-fc91da09fd669909e2a9a03aaa55eff6","id-b7130397ec00c0b4f5e1a713ce4a8736",""
"id-51bd0523bb9968c1dfd5b0b2502d8a54","AssignmentRelationship","","","id-f02e0b234f5e8715b2c34d78f94792c1","id-24b65d2e9cca767b102ca0d9c40ff21b",""
"id-461a1ed77a390d3f74c3ed366499eb1a","AssignmentRelationship","","","id-901ccbcad586bfeb9c6bbd237286eaaf","id-a14aa99958ceeac92d2dcf14d35f7006",""
"id-2dfc87ce9691f16adf1d5868d080924e","AssignmentRelationship","","","id-7c59f052556cab3558142bf1c5f69e43","id-8997e1588838c8e3a6eda02f0879bd72",""
"id-4689682ca42b84aa525f595032d91d62","AssignmentRelationship","","","id-1c9623fa27ad18cc249edacda4cb1f51","id-f1257a155c987689772da06f8a549cd2",""
"id-c13bbeb84ed74d2ab50a444230a9c253","AssignmentRelationship","","","id-6a42bac78cb571dd6a281d87d6b22863","id-7039eeaa9644daf1827a3ad65a98ddbc",""
"id-2b64a7fe8930641fbd6b5412df487b4b","AssignmentRelationship","","","id-eb47457fd2c283e2c796ba3e7f5d75dc","id-24809b00b1b8de80c70e60fac3df8368",""
"id-0883d882071340faaa53aacc21971a2a","AssignmentRelationship","","","id-07b81457faea4e93b9b77db576c80af3","id-e92f19f25db54e6db2c3bb0233e663a9",""
"id-4879e330def20d27122424d62a565ade","AssignmentRelationship","","","id-1463daa45e6bfa69ff4839b6fe98308a","id-8d8ae31dd4289f6040f686b2f72254de",""
"id-d02fb6258cd23911163d229dc98dbf18","AssignmentRelationship","","","id-248cf4321c0cd6c14781dbfdb278874a","id-80835b7dffa7270bbdf9d130a6914bc4",""
"id-d6d757013706082a5526400f8b6dfaca","AssignmentRelationship","","","id-e3943c81a8aeb7dae4e21b9adf1ef25d","id-8997e1588838c8e3a6eda02f0879bd72",""
"id-ccdf2c8c94b09e2917940baf6c393a5f","AssignmentRelationship","","","id-248cf4321c0cd6c14781dbfdb278874a","id-a3d9284b5687be2c3ee370ff47d9a727",""
"id-3c15a9ccf5c59822a993cdd2ceb87276","AssignmentRelationship","","","id-0d50b5e59c50c427464d650baea2abfe","id-d38e46927cb5ac0bdb7c99ec6031d18a",""
"id-2ec3838aeb0add77e8af03ce946401af","AssignmentRelationship","","","id-ec603ebcdcac84915de2d7df23a6c791","id-0c639a999850337f99bedba4a377cbf0",""
"id-47c5ff9426f6726c37a0f34a8a443938","AssignmentRelationship","","","id-eb47457fd2c283e2c796ba3e7f5d75dc","id-ca58f8d91d40a32285f1185be593b2c0",""
"id-c7268952097b1083fc89d356962cbe29","AssignmentRelationship","","","id-eb47457fd2c283e2c796ba3e7f5d75dc","id-e179b1c26dfccab134b465cacf6a3013",""
"id-d734b6a20ed763325efe9fd13dbb36b9","AssignmentRelationship","","","id-4aab528a9071d9564b8767563149dc8b","id-4de2d45fecc933a51ae1d85858316308",""
"id-e9ce4b6c58aff8b1f65000aaa0083a50","AssignmentRelationship","","","id-0b8563ab7186a48adcfa8865d6aabeee","id-59ba413ab57168862a4c540aa6171ad0",""
"id-5e05548d95dfa5c0c3ab45ae3408e32a","AssignmentRelationship","","","id-0de6d243367cdc96dc681f5b6265c3b7","id-c46b32df19dd8cfb8c024d6b5e0289ca",""
"id-fe147023209cc0b61560afa08038e3c4","AssignmentRelationship","","","id-e3943c81a8aeb7dae4e21b9adf1ef25d","id-09932520e26b224b93b2baebc499eb28",""
"id-e2eabf2c02ec27d92d264251a9fa2b62","AssignmentRelationship","","","id-59b7c3800029d8ab0eb4724bcfaac66f","id-5e96542d809cd2a4bf08fbea5a004d90",""
"id-1b1a3def01d376d90cf89f811a5f7289","AssignmentRelationship","","","id-bb7966857f6d9b7739ccbd4adee465c9","id-af37d4b1d653bc78ca6b0293a38cabc3",""
"id-98281a8c45cd1c84e5c6ff7a71282c53","AssignmentRelationship","","","id-ec603ebcdcac84915de2d7df23a6c791","id-627cc8ad867374995ab48fc3ccd492c5",""
"id-d245cd051842c5726f64548e5be25e4b","AssignmentRelationship","","","id-0015477230f7e94f95ad945dce472c42","id-a14aa99958ceeac92d2dcf14d35f7006",""
"id-ed52668e9e93c0a000b36ab394d915b4","AssignmentRelationship","","","id-bde127a5704ecac98d4b22fc6514d807","id-5763dca7ea3427a38f3ee86155c6d3b1",""
"id-fa207c9c956f296e5b8919043ec3e177","AssignmentRelationship","","","id-248cf4321c0cd6c14781dbfdb278874a","id-907967854a1ca7aaf0f706581b69dc9e",""
"id-c985f3dfba3617aacf8b32240efee543","AssignmentRelationship","","","id-d98434e975b74bdbaabca4e1e7daf4c5","id-761e793da24d1a616f95e332713ac135",""
"id-16b28035d6f65cf00ccbf7b693f02940","AssignmentRelationship","","","id-81d26f21ba6dd02be8bf384b15316c10","id-b9a9c574c155aa8ec34ed3ce07d4ebd5",""
"id-bec00ffc977b7e346f1460654152e1c4","AssignmentRelationship","","","id-a104bfb057584af0f903d0e2b7b0ecc6","id-fa009eca0042e6699d607e516ccccf88",""
"id-a8973f6ab74514d1ff9c35550fef0446","AssignmentRelationship","","","id-ec603ebcdcac84915de2d7df23a6c791","id-b50abdc9ed47f53b977ccc66ce7dc55c",""
"id-49b31fd15cbf2f9d727a9622ec09ff90","AssignmentRelationship","","","id-5e8f9676410bca6d4072bef692c20cef","id-2ea5452e7294b7a3ea219fb8a5c978f8",""
"id-e4286fd4827e57e685f61db1e1c28379","AssignmentRelationship","","","id-ec603ebcdcac84915de2d7df23a6c791","id-c46b32df19dd8cfb8c024d6b5e0289ca",""
"id-8a72402d720671b8aaff3656716f4663","AssignmentRelationship","","","id-26dbb885b01bb54d3e6f5d0297aa568b","id-890e139f1fce38a59c6417b1ee4426ba",""
"id-658b7ec891e3943c6cb34e1d22ec042c","AssignmentRelationship","","","id-c0f1fd1d5ec66c78b4a0226c2008da7e","id-ec77364fcb498d9cabf8c39e00c4fb1f",""
"id-079ea25a4335f191da328f439322e21a","AssignmentRelationship","","","id-248cf4321c0cd6c14781dbfdb278874a","id-e6ec34621656d09c9aa8e5d2282913ed",""
"id-c063a382fd5cef394260a9995fda558e","AssignmentRelationship","","","id-d4b2ddf4c8e23be3c613446c53a11be2","id-a61643f76458b12e0b58911c057b39a5",""
"id-ecde5515eaec96ed89c00052a5646b60","AssignmentRelationship","","","id-a1b1742e45c2fc7b4c2ca07946136cc5","id-351baa3ecebb76cf17bec2fd539e6b4d",""
"id-4456542619980383b0079fda1e88ac3e","AssignmentRelationship","","","id-957fa6ee3bbc3cbc63e45e7fa837ea0c","id-5a392d0ecb8a2cbf1713595b47f6e65d",""
"id-78388e29f231733371467ed541328636","AssignmentRelationship","","","id-2ecd6780fa161116bcaa357d257ec530","id-a7796fa5861153981a981589251e2cf6",""
"id-f063631f548b88f60e893210b552edab","AssignmentRelationship","","","id-ec603ebcdcac84915de2d7df23a6c791","id-84278e91abe974661c1639494f7262ed",""
"id-263f0757376e9b4c10d7deb40fad6622","AssignmentRelationship","","","id-eb47457fd2c283e2c796ba3e7f5d75dc","id-4ca091ad3e03784c30bb1b1472ef6ce4",""
"id-3dfc3a6d40c8320e973e11d478909755","AssignmentRelationship","","","id-e34d4cfda3dd71d7c4c227bbc8e7adda","id-18f0d75642754eb351922ebe853e6241",""
"id-7986aee03e1baf11c68374e1c2165ea5","AssignmentRelationship","","","id-5eb250e6d8f23045c1bf2651c04ddfb2","id-f5ac0b15225f7d6a022e2ca0146dfbac",""
"id-b50feb9e89dae49fbf1e85372295f758","AssignmentRelationship","","","id-248cf4321c0cd6c14781dbfdb278874a","id-b50abdc9ed47f53b977ccc66ce7dc55c",""
"id-9ef2f8d9c22c1082185e6546dbf184f7","AssignmentRelationship","","","id-3d9ba9edc71a247bace4d8b1798de69d","id-a0b4e7bcbd623d8b81d5f7612388206d",""
"id-f476950df7563267e7d0b7a799803066","AssignmentRelationship","","","id-5fc853426868c2289543318e1421a18b","id-2e17f51baba18b35c560eac73cc77369",""
"id-3346474f7b0a4385b7b778b137710073","AssignmentRelationship","","","id-e283b38951ae3263f967aaf6bb339ffd","id-82d88fdcbaf9ca5b73b6ec19e45b4c56",""
"id-893dc7330a46ba093c6d41dad79f7ba0","AssignmentRelationship","","","id-3e12c5e5ec7921a5e9a095b08bd78321","id-5182538b4e7e469af5b9373140a4c398",""
"id-e969f0d5858e91bb87e17c6ba829d1e4","AssignmentRelationship","","","id-b8b81b18212ddd02afecfe10c2b1f773","id-890e139f1fce38a59c6417b1ee4426ba",""
"id-a253f5d50578d010d6a88782a4b0588d","AssignmentRelationship","","","id-248cf4321c0cd6c14781dbfdb278874a","id-24809b00b1b8de80c70e60fac3df8368",""
"id-7e3691f3db9c054f629527eca0e58eb5","AssignmentRelationship","","","id-4eee299cb31ca824b19ec4b980289bdb","id-98eb59ea5c4c459aaa999b6c408a85cf",""
"id-a4a748336da266ab5fcbbb36bbfb6d12","AssignmentRelationship","","","id-550453743fa8e29b50e19d22c2e8eba9","id-8f786329c81b3efe3bf85f3eec997adf",""
"id-b8170d4b2107f90e0674840ea979b368","AssignmentRelationship","","","id-1930e7f0083b82e41022edd773ba3a9c","id-442f627c9d8bfe2154bc17201a7d7caa",""
"id-9b65e3e9dbea295fc2b53f73cf2cda0e","AssignmentRelationship","","","id-5fc853426868c2289543318e1421a18b","id-98eb59ea5c4c459aaa999b6c408a85cf",""
"id-61cbe47edb56bbb8278eb6aa34f53690","AssignmentRelationship","","","id-a104bfb057584af0f903d0e2b7b0ecc6","id-5e26b0b78729679597abec9a851838ae",""
"id-3de17720074d1b072cabba95d62f7eec","AssignmentRelationship","","","id-2b1301df0f970964ae817983c3cc2c7c","id-54ef25a186d01bc546cdc049f2345255",""
"id-6f9025baa97026ae315c0e4097cd36df","AssignmentRelationship","","","id-248cf4321c0cd6c14781dbfdb278874a","id-fe0c862b2d0d3f0e792c35a912a2603d",""
"id-cf95739ec61d9bdb33a659ab1e793d94","AssignmentRelationship","","","id-26dbb885b01bb54d3e6f5d0297aa568b","id-15999cf59def1af67130495900502068",""
"id-401274d1b21750e605898ce8f727bf19","AssignmentRelationship","","","id-6e1b77f377949a45f46e8d618b0bebe0","id-15a0d6bec80fc381e2340be1fb982c99",""
"id-f45a57ad34ca45270dad68495b898702","AssignmentRelationship","","","id-e34d4cfda3dd71d7c4c227bbc8e7adda","id-b59de3d9a274433973669121938ffd2a",""
"id-117edd04b9069e830bdababb349c0622","AssignmentRelationship","","","id-e3943c81a8aeb7dae4e21b9adf1ef25d","id-0c639a999850337f99bedba4a377cbf0",""
"id-460c58b6f92ca0876c637c27e8b3091b","AssignmentRelationship","","","id-892368fc3dc651b7e12a6f3cba4360c6","id-7e0f895afa9605ab50f6bf9b3ed3087f",""
"id-50bfcf4a074f1f304dcaed46d781e1d0","AssignmentRelationship","","","id-bde127a5704ecac98d4b22fc6514d807","id-bdc7521f018e0289d47b49bd858eadbd",""
"id-0dd4623c2284509bfeb2f523cd4ed0b0","AssignmentRelationship","","","id-75e15533adf61fc41eb5df7d1698a27b","id-9c6d8d8988c1b70e0950551f67cdf993",""
"id-21ef22c16f6e79c721d534592324806c","AssignmentRelationship","","","id-f02e0b234f5e8715b2c34d78f94792c1","id-7e29c42cccfe9be795a41363ebcf56f9",""
"id-7633f12edfc121f93c16f309a67a02a6","AssignmentRelationship","","","id-1c9623fa27ad18cc249edacda4cb1f51","id-80835b7dffa7270bbdf9d130a6914bc4",""
"id-2a2788eff92e6368d8ff72f8a2dc8952","AssignmentRelationship","","","id-1c9623fa27ad18cc249edacda4cb1f51","id-32489dabe8bfad3b9498e7fc69447b35",""
"id-fdc425c465864dc6b1b09bc8475eafe8","AssignmentRelationship","","","id-0ed21c6036e7483b98832f21bc88f197","id-f6cb9e3eb392458793546217d18a8204",""
"id-60152de6970b3fe01391cf0bc19d81f8","AssignmentRelationship","","","id-e3943c81a8aeb7dae4e21b9adf1ef25d","id-d9de58dee6f2d8c1b01b463be61ff8cc",""
"id-5042fb9aeed1947c2e278e9efd61d51c","AssignmentRelationship","","","id-128a94118bc96378d02ba4c8c5c0cc7c","id-cd28140431fcb3484e68026b06257e43",""
"id-0d50e848d1a5128c5b10725dba280cb9","AssignmentRelationship","","","id-a1b1742e45c2fc7b4c2ca07946136cc5","id-d35dc5a15a3cec346892205d3164a4c1",""
"id-5e6531446280947ef054878bb447e3f3","AssignmentRelationship","","","id-d4b2ddf4c8e23be3c613446c53a11be2","id-68c85bc6f760a4e975f38967cbf7acd5",""
"id-75d76f78c7b92a9435321380b92c4780","AssignmentRelationship","","","id-df8c4276ed0669f5dc792e6d49fe25fc","id-6d82b796108e0e8efdc61da7036922d0",""
"id-a9000b21c57ea105e559001e370111d5","AssignmentRelationship","","","id-ec603ebcdcac84915de2d7df23a6c791","id-5763dca7ea3427a38f3ee86155c6d3b1",""
"id-68ad83cd72f3c4c777ac2db81f426bbc","AssignmentRelationship","","","id-90d87a8693f48ce7156cc4fef6da65cf","id-016aeefaddbd99e31045797f634f5d5d",""
"id-b4b1182f318269803276968a17a5eb11","AssignmentRelationship","","","id-248cf4321c0cd6c14781dbfdb278874a","id-c46b32df19dd8cfb8c024d6b5e0289ca",""
"id-d8a74b4d02021b987c44b0b0281f2476","AssignmentRelationship","","","id-1c9623fa27ad18cc249edacda4cb1f51","id-fe0c862b2d0d3f0e792c35a912a2603d",""
"id-d6341f24bd4a1a884f0de788358229fb","AssignmentRelationship","","","id-0de6d243367cdc96dc681f5b6265c3b7","id-80835b7dffa7270bbdf9d130a6914bc4",""
"id-7676c265f22ddd1e84974a018445eed7","AssignmentRelationship","","","id-81d26f21ba6dd02be8bf384b15316c10","id-74cc7b373aecde8f373f3346a61caffe",""
"id-2ee4d95c33a07895b7d80a1443002b93","AssignmentRelationship","","","id-0de6d243367cdc96dc681f5b6265c3b7","id-fe0c862b2d0d3f0e792c35a912a2603d",""
"id-73a8238233ebf26e97ba44061479911d","AssignmentRelationship","","","id-4aab528a9071d9564b8767563149dc8b","id-a0b4e7bcbd623d8b81d5f7612388206d",""
"id-eced324c60fa406a799fc2afb071a261","AssignmentRelationship","","","id-bb7966857f6d9b7739ccbd4adee465c9","id-b10c91c70271887b13af200c2820e633",""
"id-8bfecb10364e7ae140a7a91b6ea91c42","AssignmentRelationship","","","id-b524ecd0652ef6dcf18d6d139abcc143","id-3c8cb9201ceead598c633bb7d9d060f5",""
"id-06096c2a6ce077772155bd4103172e33","AssignmentRelationship","","","id-68055b1786cae5b8f024db514993f1ff","id-59b3fe27b1242f21b93157c72ef4560e",""
"id-a42f00af7529090a5d949dd35e3f04dc","AssignmentRelationship","","","id-e3943c81a8aeb7dae4e21b9adf1ef25d","id-f1257a155c987689772da06f8a549cd2",""
"id-3663eff9b72ab50c646b0c61635e3994","AssignmentRelationship","","","id-0de6d243367cdc96dc681f5b6265c3b7","id-4a607bf765c83c907dfff2b8dbfaa6d7",""
"id-878f54e601784ff8c7e20b05ce621d8d","AssignmentRelationship","","","id-26dbb885b01bb54d3e6f5d0297aa568b","id-e6a97427e032e2313684db6800e06a59",""
"id-afdc2ace97c5a2a26ca1ac9eb206cc0c","AssignmentRelationship","","","id-eb47457fd2c283e2c796ba3e7f5d75dc","id-bacb1903add50973639849a738bb0411",""
"id-c2bb74baad26863699d9ceb5d76acdab","AssignmentRelationship","","","id-b8b81b18212ddd02afecfe10c2b1f773","id-d6d70590963ef3752048f14bb389a69a",""
"id-7a6e42ebba31b1e9db2bc32e206fa14e","AssignmentRelationship","","","id-ec603ebcdcac84915de2d7df23a6c791","id-8997e1588838c8e3a6eda02f0879bd72",""
"id-f5d46c36114163b8d0fe8cf4098a51e5","AssignmentRelationship","","","id-5e8f9676410bca6d4072bef692c20cef","id-058737e89825038a336888423dc5e693",""
"id-c72682ce33615143de69a0b7adfdc183","AssignmentRelationship","","","id-4aab528a9071d9564b8767563149dc8b","id-240e2c48a647739c41d01cc0142d309c",""
"id-40274b092eae28119506a590cd54eadd","AssignmentRelationship","","","id-1c9623fa27ad18cc249edacda4cb1f51","id-b50abdc9ed47f53b977ccc66ce7dc55c",""
"id-2113e5dfd1fac7752ddb6c842fa7a9c6","AssignmentRelationship","","","id-a54c3bcc5f65c366537214816ba595d1","id-d776f26f0c64c0ba874469f4eda60c13",""
"id-dd2742f3132ff5b3fa1dca014885b9aa","AssignmentRelationship","","","id-ec603ebcdcac84915de2d7df23a6c791","id-e6ec34621656d09c9aa8e5d2282913ed",""
"id-f10cd3d2fae7c3d8019a5bd74d9815fd","AssignmentRelationship","","","id-a7d977a13b99f05178050ca936f339e0","id-32b6c40b3dadbbf16ecb869d40e5249f",""
"id-de50d6283834925780000670be6a56ed","AssignmentRelationship","","","id-5e8f9676410bca6d4072bef692c20cef","id-cb5bdefde2acdb95aeee95f5ece7a064",""
"id-69312b3c0770e49cd665cb72d26d7087","AssignmentRelationship","","","id-5e8f9676410bca6d4072bef692c20cef","id-4ca091ad3e03784c30bb1b1472ef6ce4",""
"id-b2c5a7c4a8122f6c8d436abf54fb5867","AssignmentRelationship","","","id-2b4b411c9e59e767d8e541e0a2940731","id-f1257a155c987689772da06f8a549cd2",""
"id-df1be73317277983d5c0dde00acf6520","AssignmentRelationship","","","id-1c9623fa27ad18cc249edacda4cb1f51","id-9c1ce51b8bef13c577f4369e895869e7",""
"id-1f65b25eefff46a7894f7615477d5ad1","AssignmentRelationship","","","id-8879d6614cfdc1a768ce420db49ae4a8","id-13c4c25e1c1a233ce737a632cd4600fc",""
"id-b2d74dc1bb8f4ceaac5cc3b8ebdaec32","AssignmentRelationship","","","id-ae138999be5748aaadbae7b3e59a1351","id-e92f19f25db54e6db2c3bb0233e663a9",""
"id-fe79eec63158481e8867adf461814270","AssignmentRelationship","","","id-13893256ddd241709ca6206a465b2057","id-b146acf28144d00a8e6f1e7088869604",""
"id-84846c74bdfdbc5c37679491af075817","AssignmentRelationship","","","id-1463daa45e6bfa69ff4839b6fe98308a","id-270bb61bca66b8ccce5827b7b35d8251",""
"id-62318e845fb8854a852b8875e0f81b01","AssignmentRelationship","","","id-f8a90a7fdb663a176040896616f76247","id-ebc74d529450c5e7109b11e6b4bb6b2b",""
"id-c9d71e4200394b059b9cc644b3f05202","AssignmentRelationship","","","id-ae65a3b81556437981144a36f2b15533","id-e92f19f25db54e6db2c3bb0233e663a9",""
"id-8e7dff64433a0a447351cdb705d7114a","AssignmentRelationship","","","id-7c59f052556cab3558142bf1c5f69e43","id-4a607bf765c83c907dfff2b8dbfaa6d7",""
"id-ddfe06759a1613b409750e1284aec913","AssignmentRelationship","","","id-248cf4321c0cd6c14781dbfdb278874a","id-37756b3348eb584d8bd53ed965dc0592",""
"id-272895393905cd803d39047f05a753d5","AssignmentRelationship","","","id-ec603ebcdcac84915de2d7df23a6c791","id-a83dbe155e59730fe7efdb7f89b3dc47",""
"id-3f48e9f3b076dc4c8f740d5967c45671","AssignmentRelationship","","","id-eb47457fd2c283e2c796ba3e7f5d75dc","id-ea607224e3feb2606edfa60830d1cf5f",""
"id-0771f139a4b40c167425069a111de04f","AssignmentRelationship","","","id-4a58ba752ef0f345c48ff0d9b409b4a2","id-ee2b2c65d25a14213ec57d51ce71c9a8",""
"id-5e4a3a7ba750ef2d821a709295d220fe","AssignmentRelationship","","","id-96632799d8afa60bab87150b7a09e944","id-21b2db97e9c3a452f96bcf840833a3f0",""
"id-fd83e5b0c5d8e05b112b4fdb4dd5201d","AssignmentRelationship","","","id-eb47457fd2c283e2c796ba3e7f5d75dc","id-27efc8c2194fd139e32fded2e22a0c60",""
"id-de49fea68a53642ca14b89fe2cbb3d75","AssignmentRelationship","","","id-a664a9b738444d80e466dddc41187da6","id-5330e2ac5f57272b10d333bd5ed03af4",""
"id-9857f27a3e156db1078f791746f7ed3b","AssignmentRelationship","","","id-8bec514172b85765bbd8f6d500205fd5","id-64a909603a4fd238f36508109b9a9d8e",""
"id-c35221536f2df0040f0b1056071a2322","AssignmentRelationship","","","id-248cf4321c0cd6c14781dbfdb278874a","id-9135bebfc71668019130f6ab6f3a897d",""
"id-0309fdfd491127146e3bba3eacebd5a2","AssignmentRelationship","","","id-a104bfb057584af0f903d0e2b7b0ecc6","id-db0f30a5bc0c0374a378a0b8b8298bec",""
"id-4b874c7243814bb3a55b8134ac0f2f12","AssignmentRelationship","","","id-11e48dc22c9f485f858ecc2b70bc0b14","id-40ee5f0e8b4c4ed687f2f3db971ca8a2",""
"id-5a6e27418ba8d94c7d2eaff1e251db43","AssignmentRelationship","","","id-ec603ebcdcac84915de2d7df23a6c791","id-3d8daf30bea97b1f4ee448b5b7199cca",""
"id-b9e1154b73e194f2b65e869d46273801","AssignmentRelationship","","","id-eb47457fd2c283e2c796ba3e7f5d75dc","id-cb5bdefde2acdb95aeee95f5ece7a064",""
"id-a2479bed4d644980a459f6a88f0b39a4","AssignmentRelationship","","","id-5f3a780d35b146718746269b666ceee0","id-c26e841c5d3ae3ddd24dfb6d3703c0ce",""
"id-5ec65ac0acf982add2f6ce1970d10f50","AssignmentRelationship","","","id-e3943c81a8aeb7dae4e21b9adf1ef25d","id-4a607bf765c83c907dfff2b8dbfaa6d7",""
"id-fdbb73b5fcc6797a11586757497927d6","AssignmentRelationship","","","id-0b619832c5eb27459dc28dc584d382d6","id-bacb1903add50973639849a738bb0411",""
"id-5b34a86fae376c8f70fe0b4eb2031dd7","AssignmentRelationship","","","id-07b004456b26d3b814ce93cea67b5e92","id-a32ba75e4183cfde04cb6e34c13b3185",""
"id-6f26e8c3478dac02ccc8154644703c7f","AssignmentRelationship","","","id-58c885afe866a201c7aa7b648237cf9d","id-8f2de80f549eadeaddd1e3cc850a88f6",""
"id-6f4865f71104bdbe4a0c2bd2a13932d8","AssignmentRelationship","","","id-5e8f9676410bca6d4072bef692c20cef","id-fe0c862b2d0d3f0e792c35a912a2603d",""
"id-576429c3c7cdd2aa60653fe487deb073","AssignmentRelationship","","","id-248cf4321c0cd6c14781dbfdb278874a","id-3f2e641b6a713210aa29070ea7643c94",""
"id-6e8bc393f18972e0cee5b4284fe1d4be","AssignmentRelationship","","","id-1c9623fa27ad18cc249edacda4cb1f51","id-24809b00b1b8de80c70e60fac3df8368",""
"id-ab094107a059e5ffa3a399dda1f1fd16","AssignmentRelationship","","","id-b946526da9758f66976da29a1b7cacf0","id-101f6af910673ccc508bb2507b43f512",""
"id-7642b911f9f26ea03d56af825eedc14b","AssignmentRelationship","","","id-26dbb885b01bb54d3e6f5d0297aa568b","id-46f7892ded1e514e2a3a59cf702b6cc1",""
"id-a032558137ed4d6896f74fbeb7fcfaa7","AssignmentRelationship","","","id-2094314967854923b7914cc1ccc1cf93","id-b146acf28144d00a8e6f1e7088869604",""
"id-6a088b9ad4b581dafff1654bb6a9977d","AssignmentRelationship","","","id-bde127a5704ecac98d4b22fc6514d807","id-d3ae9c322a7f06b72c00e8949bd4caa4",""
"id-5e1bde3681e0a6fed797f7671b90c433","AssignmentRelationship","","","id-901ccbcad586bfeb9c6bbd237286eaaf","id-b59de3d9a274433973669121938ffd2a",""
"id-ff1dfe5500a7f419a401fde582b7fa78","AssignmentRelationship","","","id-248cf4321c0cd6c14781dbfdb278874a","id-cbdb3b71ba06df87b711429ab338bb7f",""
"id-febb152662bd1833ec181fb8ffb4b685","AssignmentRelationship","","","id-3f792b732e87df35f7f2f8915a8b5abb","id-0c3477e829bcdfa433e4bb6415c35b68",""
"id-9fd933e9cbd0bb1a198ad9f653484752","AssignmentRelationship","","","id-0de6d243367cdc96dc681f5b6265c3b7","id-0c639a999850337f99bedba4a377cbf0",""
"id-704aa0ec32d652dbeb20f3949798abf9","AssignmentRelationship","","","id-bde127a5704ecac98d4b22fc6514d807","id-fe0c862b2d0d3f0e792c35a912a2603d",""
"id-7e63cd1793ae85c469b7891f386f8d51","AssignmentRelationship","","","id-751c04b6c7ecc501b3396c4993d0b4d2","id-e33d57190a12bedca3ac810ce3206222",""
"id-ea38e8af03c51574aea2c298e1ab24d3","AssignmentRelationship","","","id-248cf4321c0cd6c14781dbfdb278874a","id-96974ad18981e6e5ba6aa6854516e664",""
"id-be1bb95d0ea720356fc9d8ed133ed04c","AssignmentRelationship","","","id-fc91da09fd669909e2a9a03aaa55eff6","id-f88ec242e3fbff747f48364ffa01237d",""
"id-1c097066f41aeff535e01da63d2f3e2c","AssignmentRelationship","","","id-a1b1742e45c2fc7b4c2ca07946136cc5","id-52b58b53b664ce94d9f418fd0e713af9",""
"id-b36299edefab66e0068c05105e438f36","AssignmentRelationship","","","id-58c885afe866a201c7aa7b648237cf9d","id-0c97e94cb61db672d4802b8e9c7c034c",""
"id-100b3d299d4e8195e4377770293bcdc9","AssignmentRelationship","","","id-31b9518d8c460ae77f5dc0b725764e20","id-4a607bf765c83c907dfff2b8dbfaa6d7",""
"id-a38b6838dcf5f42848f096f5e185fb2f","AssignmentRelationship","","","id-17193cb12e0f83a2335c850740e5dd57","id-9cc20ed4ebbe007f1a958bf34c419252",""
"id-25b27165d5f6f6cac0049009fe14f15b","AssignmentRelationship","","","id-eb47457fd2c283e2c796ba3e7f5d75dc","id-c959907158b2803dc0380c7fe0b16055",""
"id-61e5953aa670576d0d9bb5a276f0ec86","AssignmentRelationship","","","id-97661a92cb32d5e2910adf24273fa95f","id-24809b00b1b8de80c70e60fac3df8368",""
"id-454aa58b69ed3e2772b4d25b7544d3c7","AssignmentRelationship","","","id-f02e0b234f5e8715b2c34d78f94792c1","id-b90db129bbea4a86cb6f18a1cf336768",""
"id-b0bf8e248540fb3fe3327d8c27f1a0b3","AssignmentRelationship","","","id-26dbb885b01bb54d3e6f5d0297aa568b","id-6b7e3e00a791513614ccdc52eb585749",""
"id-64b39b8528f441058fd2d0f1ac892ea7","AssignmentRelationship","","","id-56a5d0ed79a74d60bac5386dfadb991e","id-b146acf28144d00a8e6f1e7088869604",""
"id-ac14b55a1ef5a3251d3b33372fa7d323","AssignmentRelationship","","","id-eb47457fd2c283e2c796ba3e7f5d75dc","id-9135bebfc71668019130f6ab6f3a897d",""
"id-093c333b1bead13ecf6042f0334268e3","AssignmentRelationship","","","id-ec603ebcdcac84915de2d7df23a6c791","id-5ab25ebf58479f7c0b745f1bf8800e80",""
"id-ff53668cef6e5a4a15121fd4cef69195","AssignmentRelationship","","","id-3d9ba9edc71a247bace4d8b1798de69d","id-3bf3ca4cc6282c7d872b548d91c0b6c3",""
"id-9bbe8f9b1db579f65a7c9c2e8fd96eaa","AssignmentRelationship","","","id-e3943c81a8aeb7dae4e21b9adf1ef25d","id-fe0c862b2d0d3f0e792c35a912a2603d",""
"id-c1dc91f4efd71562819e6408b69810e6","AssignmentRelationship","","","id-eb47457fd2c283e2c796ba3e7f5d75dc","id-cf74b1921b60f84f65df1bf486770fb7",""
"id-61c184cc0c28362cf21520afd9aab265","AssignmentRelationship","","","id-1c9623fa27ad18cc249edacda4cb1f51","id-627cc8ad867374995ab48fc3ccd492c5",""
"id-c01981dc5846cc5c7bc5b0758a8fd6ab","AssignmentRelationship","","","id-f627755fc9852f128efb37ea3580e5a3","id-5aed27f5e74ce4e14ce2c070802e588b",""
"id-39859b4330f7868a9c802d0bf228135b","AssignmentRelationship","","","id-2ecd6780fa161116bcaa357d257ec530","id-fda5dfffa1301ead433679ae2a2dcd8a",""
"id-712ee1b360dd6d46ae9fec5b185460af","AssignmentRelationship","","","id-1930e7f0083b82e41022edd773ba3a9c","id-af37d4b1d653bc78ca6b0293a38cabc3",""
"id-2e2866ef3aecf27cc5dd010d6a508e06","AssignmentRelationship","","","id-9f6e7f2ecff830bbf7d7c60692b6e802","id-0b265112217fbf3285a484a3c22e0b43",""
"id-5d540e05f7af30dc5a0b1773ab9e2f46","AssignmentRelationship","","","id-d4b2ddf4c8e23be3c613446c53a11be2","id-50b8f5ffbd5a54826b6e4a1cdd3e3133",""
"id-aea042279d51c27513fe8269b93b1990","AssignmentRelationship","","","id-4a58ba752ef0f345c48ff0d9b409b4a2","id-773c032fdaa883118e46e65cd16c50ff",""
"id-042f0cbfcb17482a623b249782003f7c","AssignmentRelationship","","","id-dce12943b414197c59b69ef01644c447","id-29b97d01f368edc9ff9c98e5076115f4",""
"id-45a72ff7c2528e6e963eafb5860eafb5","AssignmentRelationship","","","id-1c9623fa27ad18cc249edacda4cb1f51","id-5763dca7ea3427a38f3ee86155c6d3b1",""
"id-b8c775bc1bdb25d199ee037e86330ab5","AssignmentRelationship","","","id-7c59f052556cab3558142bf1c5f69e43","id-f1257a155c987689772da06f8a549cd2",""
"id-a30f2e4566bfc314dc47148714fc1078","AssignmentRelationship","","","id-a104bfb057584af0f903d0e2b7b0ecc6","id-66341693b624d3eae689c063323582d1",""
"id-6be852912996397494ff5a7cdaa10b52","AssignmentRelationship","","","id-fc98a49d578a3f3ee87000efcd2ce3ca","id-65bbbff289312b2cd72bb6d3303230e8",""
"id-f063be5fd68f55d722b8a991616591d3","AssignmentRelationship","","","id-eb47457fd2c283e2c796ba3e7f5d75dc","id-a59d3706165c21c8adaf6538c5535395",""
"id-72a7f52618dbe659017b80da67316d0b","AssignmentRelationship","","","id-1c9623fa27ad18cc249edacda4cb1f51","id-45e8e74aae26ca4b9db7db67830ef803",""
"id-51e24e5e11111acd5687eae02f690616","AssignmentRelationship","","","id-5e8f9676410bca6d4072bef692c20cef","id-f1257a155c987689772da06f8a549cd2",""
"id-30086b24b80ba8962ac88c6ab5650cf7","AssignmentRelationship","","","id-ef98c02f9711c66e2f17171745adab88","id-2e17f51baba18b35c560eac73cc77369",""
"id-34484d0beba32e107a1d14f0247e89ae","AssignmentRelationship","","","id-248cf4321c0cd6c14781dbfdb278874a","id-79de6f0ec034ac4d2f21effcc9e55835",""
"id-0343ff0ff34fd4d63dfc20260bb9a540","AssignmentRelationship","","","id-bde127a5704ecac98d4b22fc6514d807","id-5af675978a200e86e6c1dfb23c72f6bc",""
"id-bc8fd3e10f95cbd90373420f07006161","AssignmentRelationship","","","id-a994fcd9c6f6377b7b3b6301069bbcae","id-7c39681a35804a2bef94107e1a8d44dc",""
"id-c218ab0f1546d45751e5d378a1c03b28","AssignmentRelationship","","","id-ae763be5b461ed8fb03e8fa0e3297fa6","id-46b40c54ca2d88078a65ee1384ed2ff1",""
"id-f102a51b29af26c90bb6128b988d10ce","AssignmentRelationship","","","id-b524ecd0652ef6dcf18d6d139abcc143","id-6778094a42c185f41cec4cd89938acff",""
"id-992df2cd89b158dcc815f6271ae65114","AssignmentRelationship","","","id-e3943c81a8aeb7dae4e21b9adf1ef25d","id-95cc787b1669f66c5da87d40ffb3735f",""
"id-e71e7837e97b29b845818538006d1838","AssignmentRelationship","","","id-0b619832c5eb27459dc28dc584d382d6","id-db0f30a5bc0c0374a378a0b8b8298bec",""
"id-9c95aaa27dd537aecfb92816dd71baa7","AssignmentRelationship","","","id-248cf4321c0cd6c14781dbfdb278874a","id-5ab25ebf58479f7c0b745f1bf8800e80",""
"id-1e2b28e2cb6ab03c0f77426278af109f","AssignmentRelationship","","","id-e3943c81a8aeb7dae4e21b9adf1ef25d","id-8d8ae31dd4289f6040f686b2f72254de",""
"id-d60820d871eb1e3b31b517e4293e25c3","AssignmentRelationship","","","id-1930e7f0083b82e41022edd773ba3a9c","id-b7130397ec00c0b4f5e1a713ce4a8736",""
"id-f0cfcb3506524a448126f046a23a56a7","AssignmentRelationship","","","id-cab51792fe01459ab8f32f8ae98c765f","id-9a9dffdbeb5b430ab24566f70835080d",""
"id-7c52eccd8e3879464c0670d41fe327c8","AssignmentRelationship","","","id-718941896da73093b87e729f044fa22d","id-d776f26f0c64c0ba874469f4eda60c13",""
"id-ba460d4b5449721f383825d53263d156","AssignmentRelationship","","","id-fc91da09fd669909e2a9a03aaa55eff6","id-28c53dcae03ef2be46d4aba8d9f790c3",""
"id-55f947ab1c4763a32cf8ee4d1379c74a","AssignmentRelationship","","","id-ec603ebcdcac84915de2d7df23a6c791","id-96974ad18981e6e5ba6aa6854516e664",""
"id-9f2a864cf4a7d600574262b146ea0d45","AssignmentRelationship","","","id-31b9518d8c460ae77f5dc0b725764e20","id-5763dca7ea3427a38f3ee86155c6d3b1",""
"id-12d9fa2fbfab14a040244f4fe15a2633","AssignmentRelationship","","","id-5e8f9676410bca6d4072bef692c20cef","id-d9de58dee6f2d8c1b01b463be61ff8cc",""
"id-87b972b63d5dcac93cb828e57aec62f9","AssignmentRelationship","","","id-f02e0b234f5e8715b2c34d78f94792c1","id-7c5223e6cb0f3a1932456cdd8354213d",""
"id-750505db6d65f0eabed296d7f4d68e21","AssignmentRelationship","","","id-1c9623fa27ad18cc249edacda4cb1f51","id-8997e1588838c8e3a6eda02f0879bd72",""
"id-a99beef573b6c1569a4604fe4aceb1c6","AssignmentRelationship","","","id-987764bf09c702121b41f10939c8f515","id-32489dabe8bfad3b9498e7fc69447b35",""
"id-86cb0cec091f1231ee5096a2643e377d","AssignmentRelationship","","","id-ec603ebcdcac84915de2d7df23a6c791","id-fe0c862b2d0d3f0e792c35a912a2603d",""
"id-f4c3cf0ca20ee63dac5fccac2ab07779","AssignmentRelationship","","","id-bde127a5704ecac98d4b22fc6514d807","id-0c639a999850337f99bedba4a377cbf0",""
"id-cd7a247a89e86ac699ed6d0a64f46368","AssignmentRelationship","","","id-bde127a5704ecac98d4b22fc6514d807","id-f1257a155c987689772da06f8a549cd2",""
"id-a8675f1a2802fb5c537cb2c8dfec8168","AssignmentRelationship","","","id-bb7966857f6d9b7739ccbd4adee465c9","id-b4e229e94e8e897db0a6a44989f5c53f",""
"id-af334cfb7dac0b7e3ebe8e1e492e114d","AssignmentRelationship","","","id-a1b1742e45c2fc7b4c2ca07946136cc5","id-ed7850f2273900840bacb672c44f8f1f",""
"id-02561154622927c6ad14f8d9adb57d64","AssignmentRelationship","","","id-bde127a5704ecac98d4b22fc6514d807","id-627cc8ad867374995ab48fc3ccd492c5",""
"id-47562af966a9e598a3c7c7438d78fad5","AssignmentRelationship","","","id-a3c2780bd96137a9b82abd29f0c3b84b","id-b4e6b25902450788dadc2947cdfaf347",""
"id-484fd900586932ca484407a070189f6f","AssignmentRelationship","","","id-248cf4321c0cd6c14781dbfdb278874a","id-09932520e26b224b93b2baebc499eb28",""
"id-949f2444fad34ac6759a6bb332c2ed82","AssignmentRelationship","","","id-bde127a5704ecac98d4b22fc6514d807","id-4a607bf765c83c907dfff2b8dbfaa6d7",""
"id-c623b16c7b0864249513fc3ded46690b","AssignmentRelationship","","","id-a1b1742e45c2fc7b4c2ca07946136cc5","id-09087edabebc4ca3cc37927983ad365c",""
"id-43439348f88f41848c9e95917515d671","AssignmentRelationship","","","id-cc29ca23f4b946f38b653f656059a4c0","id-fd69ad3c83e941109da10d0dae541cb1",""
"id-c06c34d31ee1db15088167b1dbf0c7e5","AssignmentRelationship","","","id-e3943c81a8aeb7dae4e21b9adf1ef25d","id-84278e91abe974661c1639494f7262ed",""
"id-6d91dc71f70ff06e8171a66e695baac5","AssignmentRelationship","","","id-ec603ebcdcac84915de2d7df23a6c791","id-0121019e678dbeff58f87458774e15a7",""
"id-448d1874b64b1ec7f4c453c41ddc4074","AssignmentRelationship","","","id-8b7903afdd3b3a2249024b6d1b684373","id-3f2e641b6a713210aa29070ea7643c94",""
"id-9a496cf30c821af5b22ba3f9d4818935","AssignmentRelationship","","","id-5e8f9676410bca6d4072bef692c20cef","id-95cc787b1669f66c5da87d40ffb3735f",""
"id-e2d8f20fde603e3af0ff4f5b978f28f3","AssignmentRelationship","","","id-f02e0b234f5e8715b2c34d78f94792c1","id-40da111c69efe2599b4c905a1a60389f",""
"id-7b7f7e0be1848f020bd44c955e7ef9af","AssignmentRelationship","","","id-0338ee07953fcb96addbb03f4de833dd","id-d776f26f0c64c0ba874469f4eda60c13",""
"id-56b7433f162052c47f15a787c2d70b25","AssignmentRelationship","","","id-0de6d243367cdc96dc681f5b6265c3b7","id-95cc787b1669f66c5da87d40ffb3735f",""
"id-cc0a04f113af8a15bc950e08ed77297c","AssignmentRelationship","","","id-8879d6614cfdc1a768ce420db49ae4a8","id-6a2bdf672bd97d1e439d760f2fb06474",""
"id-70772bb6bf1848b39c0302bb80a1a4cb","AssignmentRelationship","","","id-17193cb12e0f83a2335c850740e5dd57","id-01279b7a45ed1b61c26272d82822f340",""
"id-a9c97d31276c1daae8bc19a1359c4e84","AssignmentRelationship","","","id-2b4b411c9e59e767d8e541e0a2940731","id-4a607bf765c83c907dfff2b8dbfaa6d7",""
"id-e784fec25c1e6f1e87078e08140219f1","AssignmentRelationship","","","id-128a94118bc96378d02ba4c8c5c0cc7c","id-ebc74d529450c5e7109b11e6b4bb6b2b",""
"id-89bb7679c075e971e046b718086b30c2","AssignmentRelationship","","","id-eb47457fd2c283e2c796ba3e7f5d75dc","id-e3bac713c8d6a3cba84166ab07d0c7ac",""
"id-db8271cb0fd9f5d170d34ac98090c698","AssignmentRelationship","","","id-248cf4321c0cd6c14781dbfdb278874a","id-0121019e678dbeff58f87458774e15a7",""
"id-0842e50d3bbb0f0ea23414b7de4b002b","AssignmentRelationship","","","id-31b9518d8c460ae77f5dc0b725764e20","id-3e9ca2325491cee0141f19739bacbbfc",""
"id-10fd8033d5e22ce5dbee818f1dfba826","AssignmentRelationship","","","id-0de6d243367cdc96dc681f5b6265c3b7","id-8997e1588838c8e3a6eda02f0879bd72",""
"id-48768946b5c8eb480fdb489146bb9b9a","AssignmentRelationship","","","id-248cf4321c0cd6c14781dbfdb278874a","id-3e9ca2325491cee0141f19739bacbbfc",""
"id-1b617f154c17a6eb30ea5c77830c840e","AssignmentRelationship","","","id-26dbb885b01bb54d3e6f5d0297aa568b","id-d4e74ad5971cb2b65da53591c06e60a9",""
"id-6100213e46969924409e3128b2f84733","AssignmentRelationship","","","id-f02e0b234f5e8715b2c34d78f94792c1","id-a04f8ba82a7e6fa432b263dc55233c97",""
"id-2ccdb74d25deef18801004045e835305","AssignmentRelationship","","","id-43dee667bb130fffa5c0b08e594f4bd1","id-2b74aaab9aa14ccc5f76828d36016e41",""
"id-3dd70b2cf3688cc863a73fbaa09fbfd2","AssignmentRelationship","","","id-18b106466bf151fa8a1392ee4bd7a0fc","id-f5c3af3b9fe102cc3ea55db6725c5567",""
"id-33a64edf4f3233af605d821444c48f44","AssignmentRelationship","","","id-b8b81b18212ddd02afecfe10c2b1f773","id-18f0d75642754eb351922ebe853e6241",""
"id-cf862f881c7cdccc4c45bf9cfc98c160","AssignmentRelationship","","","id-e3943c81a8aeb7dae4e21b9adf1ef25d","id-9135bebfc71668019130f6ab6f3a897d",""
"id-ee4d60df95f1f1fe60fc55eb73530bc9","AssignmentRelationship","","","id-17193cb12e0f83a2335c850740e5dd57","id-556ca78f131e3ccd1937a16845e0fd01",""
"id-8216deda6c734142aad7d4d7605a3629","AssignmentRelationship","","","id-ec603ebcdcac84915de2d7df23a6c791","id-80835b7dffa7270bbdf9d130a6914bc4",""
"id-f78637d901ceb791ae43515909ab26bb","AssignmentRelationship","","","id-0b619832c5eb27459dc28dc584d382d6","id-24809b00b1b8de80c70e60fac3df8368",""
"id-027794f0bf36f6e6aa4fb6e9694c0904","AssignmentRelationship","","","id-f02e0b234f5e8715b2c34d78f94792c1","id-d1c4df01c3242ea9b07ee0f9d130244e",""
"id-3fd39fb1a3f7ebe9790a80874368a432","AssignmentRelationship","","","id-0015477230f7e94f95ad945dce472c42","id-29b97d01f368edc9ff9c98e5076115f4",""
"id-6142a893dc3b6fe73e3745894cbc0b4f","AssignmentRelationship","","","id-987764bf09c702121b41f10939c8f515","id-4a607bf765c83c907dfff2b8dbfaa6d7",""
"id-1df9076958896f3288edd6adb7ca45fc","AssignmentRelationship","","","id-bde127a5704ecac98d4b22fc6514d807","id-a3d9284b5687be2c3ee370ff47d9a727",""
"id-4e620d95b13abcec257044ea296d8cf3","AssignmentRelationship","","","id-ec603ebcdcac84915de2d7df23a6c791","id-4a607bf765c83c907dfff2b8dbfaa6d7",""
"id-20bd4e268264cffd8d063d2b9f240bc0","AssignmentRelationship","","","id-248cf4321c0cd6c14781dbfdb278874a","id-f1257a155c987689772da06f8a549cd2",""
"id-119bfe9f85db00154f6ce6a33c89df0e","AssignmentRelationship","","","id-248cf4321c0cd6c14781dbfdb278874a","id-8997e1588838c8e3a6eda02f0879bd72",""
"id-ff245ee7842e31d66bb75c15d6f5d322","AssignmentRelationship","","","id-ec603ebcdcac84915de2d7df23a6c791","id-7bd1584974f01a8e1f6ddee0f0b72ad9",""
"id-c7f29de23e73f7c5328f81d412bab777","AssignmentRelationship","","","id-26dbb885b01bb54d3e6f5d0297aa568b","id-93518217d3692f858783e9da31a9f821",""
"id-3a9f85b1e31393ac18950b237946170e","AssignmentRelationship","","","id-1478c16967249444ae4b48f31adef23e","id-d369ae1f875808503ef65841f7b71b99",""
"id-fb9339e26d7c7038f7f77ad515fab759","AssignmentRelationship","","","id-90d87a8693f48ce7156cc4fef6da65cf","id-b68e74a52e9923231a9d52561ef0a618",""
"id-d4db1179a19a446239ee5339b01040d7","AssignmentRelationship","","","id-dce12943b414197c59b69ef01644c447","id-bce65a19a59644ecd97d52c78e8fb070",""
"id-33e64f896ff0568328daacb8d5783651","AssignmentRelationship","","","id-7c59f052556cab3558142bf1c5f69e43","id-95cc787b1669f66c5da87d40ffb3735f",""
"id-d13a4bf11f31a2acfa7ec63ee6cbc740","AssignmentRelationship","","","id-eb47457fd2c283e2c796ba3e7f5d75dc","id-af37d4b1d653bc78ca6b0293a38cabc3",""
"id-fe2a79a72b40a05c4488e9d46dc3bb3d","AssignmentRelationship","","","id-e34d4cfda3dd71d7c4c227bbc8e7adda","id-633b4491de9aa831c31c56293a2c8827",""
"id-b1d1a1b1f6a0a6a71f3d528c54ba195d","AssignmentRelationship","","","id-248cf4321c0cd6c14781dbfdb278874a","id-06360cb64686bb9edbe7558014c784c2",""
"id-b30a4f6bd023ba390a8f382238fb686a","AssignmentRelationship","","","id-a579df446fac3629ff769974c301bd39","id-b11507181e1f4cfd85bbbf8416a6e377",""
"id-7a2c7dfe02f9547ea641f95b62a4dce3","AssignmentRelationship","","","id-ec603ebcdcac84915de2d7df23a6c791","id-45e8e74aae26ca4b9db7db67830ef803",""
"id-d3db96871e6d255d63d7a027058bb2ad","AssignmentRelationship","","","id-f02e0b234f5e8715b2c34d78f94792c1","id-ac70d33d7394302d6b42f98ad4aee7b3",""
"id-2bd201fbd2085c64183bd81089525f8f","AssignmentRelationship","","","id-ec603ebcdcac84915de2d7df23a6c791","id-a3d9284b5687be2c3ee370ff47d9a727",""
"id-1a141c533fb6ed936ebbd35c3adbd1a5","AssignmentRelationship","","","id-248cf4321c0cd6c14781dbfdb278874a","id-ccfcb528d21d2fe4447121222d86d413",""
"id-cffe2783e06c609adb1a9110117553b8","AssignmentRelationship","","","id-26dbb885b01bb54d3e6f5d0297aa568b","id-bce65a19a59644ecd97d52c78e8fb070",""
"id-3dd69fa2a3a44cd17a8ce655c4428062","AssignmentRelationship","","","id-5e8f9676410bca6d4072bef692c20cef","id-0c639a999850337f99bedba4a377cbf0",""
"id-d034c31781fcb9ba8f5c67892f38a07c","AssignmentRelationship","","","id-075335be378e40ae54ff16e4586c2bb1","id-c1f600836fbc2422e5df1ccf72f5d148",""
"id-f7297cd8be35c7a0815c70fe9ef6ef69","AssignmentRelationship","","","id-987764bf09c702121b41f10939c8f515","id-0c639a999850337f99bedba4a377cbf0",""
"id-8bf222878ef27a23981b26b638f03fba","AssignmentRelationship","","","id-8b7903afdd3b3a2249024b6d1b684373","id-06360cb64686bb9edbe7558014c784c2",""
"id-43987a2c2d5f8421488d8ce910ca211f","AssignmentRelationship","","","id-ec603ebcdcac84915de2d7df23a6c791","id-0d1657c18ec8ba954d42cb8e0ceced53",""
"id-b77831aa04c9f74a12791b92e2b9f93b","AssignmentRelationship","","","id-ec603ebcdcac84915de2d7df23a6c791","id-3e9ca2325491cee0141f19739bacbbfc",""
"id-e31f8b00dfc108b0db4d8f08be6b66a7","AssignmentRelationship","","","id-7f5f78b973045e539239c2357435e1e1","id-897b8efbc59e59995933bc495bb549dc",""
"id-5f1bc1b1c675f910a094f13b94df4351","AssignmentRelationship","","","id-ec603ebcdcac84915de2d7df23a6c791","id-125b75123886f5e596d3a9a36f7dc330",""
"id-2249080456504601a71051a155bc9dc6","AssignmentRelationship","","","id-f02e0b234f5e8715b2c34d78f94792c1","id-e7489d4e4428f632d2cfd3056cf92e91",""
"id-34f8054e6b3de6334bb82cf715866776","AssignmentRelationship","","","id-fd2a6c893de1ef56d93c6186c215f906","id-d776f26f0c64c0ba874469f4eda60c13",""
"id-1726817240d9decdd35c65d4ed722cdb","AssignmentRelationship","","","id-29582b9e3f575d6681bf4d79e020181d","id-7d445ab1b6a63154ad8c84d6e1044b1a",""
"id-e9cd873d4624c8ac98caf34d61d82d73","AssignmentRelationship","","","id-ec603ebcdcac84915de2d7df23a6c791","id-946622591d626bd3eb06d41bf124ac70",""
"id-189fb80318d10d81c0f6e8eceb489e6f","AssignmentRelationship","","","id-e6aa98e1c9262e765d6d83e768ce01c7","id-74631cb7143cd190b7de9376d47bb466",""
"id-2c96b33d4f04e64f23543897ca4b4395","AssignmentRelationship","","","id-eb47457fd2c283e2c796ba3e7f5d75dc","id-de1eaa67ac2f6b8e1f38b13230ab5873",""
"id-10a4a8ba6faad88055451038a8f4fcf5","AssignmentRelationship","","","id-2b4b411c9e59e767d8e541e0a2940731","id-0c639a999850337f99bedba4a377cbf0",""
"id-8e0576d0cfc3fdba22af60a9f9d9a464","AssignmentRelationship","","","id-7cbb5c8685e955529661cddf384bf3bb","id-c9421ad649c81b97d3322afdb616db26",""
"id-7a3cc32e3c7cf948637dbe0d30c97162","AssignmentRelationship","","","id-819d5c1972f66d711362d58b85610bda","id-d072d92aa3fd6ae0a6a6b084e8b95e5d",""
"id-a433c6863a7255b03cf3990b47ae8682","AssignmentRelationship","","","id-248cf4321c0cd6c14781dbfdb278874a","id-0c639a999850337f99bedba4a377cbf0",""
"id-06a88e8c45f4718a40a4a4ece34e2be4","AssignmentRelationship","","","id-c2da50c7d1d233471d240bd1f571bfe3","id-3012217f2ac7d98c0bb7088c228cc696",""
"id-22141a77ced5e9c70549df76c4f11e74","AssignmentRelationship","","","id-1c9623fa27ad18cc249edacda4cb1f51","id-946622591d626bd3eb06d41bf124ac70",""
"id-73cbd776032d04aa0e0545501cb51d15","AssignmentRelationship","","","id-f8a90a7fdb663a176040896616f76247","id-cd28140431fcb3484e68026b06257e43",""
"id-19a143f049a753224cec5f18b908a4d5","AssignmentRelationship","","","id-9ce4ed39df39d31233c9e2b75416d92f","id-6e1b77f377949a45f46e8d618b0bebe0",""
"id-6b9f87cb54ac3886e7847ad8eb322c78","AssignmentRelationship","","","id-1c9623fa27ad18cc249edacda4cb1f51","id-95cc787b1669f66c5da87d40ffb3735f",""
"id-0fdd4c1c022a1dd3f00bbe7a837cf733","AssignmentRelationship","","","id-e3943c81a8aeb7dae4e21b9adf1ef25d","id-b882fb9b3a5038cebcbd0ab12a935301",""
"id-d88e1c862d6c5e5e8e095d2f28a7af9d","AssignmentRelationship","","","id-1c9623fa27ad18cc249edacda4cb1f51","id-c46b32df19dd8cfb8c024d6b5e0289ca",""
"id-04e7380e2eabe67242182be757816982","AssignmentRelationship","","","id-b8b81b18212ddd02afecfe10c2b1f773","id-df78e8cf7f092236f8e81c6833d23d34",""
"id-c61ae78129af99efdb587c225424c227","AssignmentRelationship","","","id-31b9518d8c460ae77f5dc0b725764e20","id-95cc787b1669f66c5da87d40ffb3735f",""
"id-3019228ebc411ee1b86a1e45ccf3b222","AssignmentRelationship","","","id-ec603ebcdcac84915de2d7df23a6c791","id-09932520e26b224b93b2baebc499eb28",""
"id-2e96d408f974fdb30f60028e736d3efe","AssignmentRelationship","","","id-bd3e3a5c156c09dcbf4a0229725ca067","id-bcd975f6dc5d084578ff0ef334b8879a",""
"id-632c6e16bdaddac5ddc5ca68ed5fb92e","AssignmentRelationship","","","id-987764bf09c702121b41f10939c8f515","id-f1257a155c987689772da06f8a549cd2",""
"id-704319be20049ad5e4b69ee7f16fe3c8","AssignmentRelationship","","","id-31b9518d8c460ae77f5dc0b725764e20","id-f1257a155c987689772da06f8a549cd2",""
"id-5233f8290a487e6fac7bbb9df57a78ad","AssignmentRelationship","","","id-a1b1742e45c2fc7b4c2ca07946136cc5","id-7bdbbe0cc5f64fc0c0ad46fbfa02a473",""
"id-93d1db827a0478fdb61587cab62b1f0c","AssignmentRelationship","","","id-a3c2780bd96137a9b82abd29f0c3b84b","id-a60834721ac8011c113715b349938171",""
"id-be681de85a78d15b3c344d6132cef39f","AssignmentRelationship","","","id-b524ecd0652ef6dcf18d6d139abcc143","id-2a60ea59e0862ff4a938b7f37c9633f2",""
"id-de3369c555e9733cf75e92b41d2819f0","AssignmentRelationship","","","id-b8b81b18212ddd02afecfe10c2b1f773","id-0b265112217fbf3285a484a3c22e0b43",""
"id-bda70bb2901af8c8411e678936e98890","AssignmentRelationship","","","id-0015477230f7e94f95ad945dce472c42","id-64a909603a4fd238f36508109b9a9d8e",""
"id-dd6bdc0e4637d04048c721d365287436","AssignmentRelationship","","","id-26dbb885b01bb54d3e6f5d0297aa568b","id-f5c3af3b9fe102cc3ea55db6725c5567",""
"id-f9df1f19cbe167b5c0e6efe9e3b82ff7","AssignmentRelationship","","","id-0015477230f7e94f95ad945dce472c42","id-c1f600836fbc2422e5df1ccf72f5d148",""
"id-94013229545fc627e29c3a22e4591caa","AssignmentRelationship","","","id-248cf4321c0cd6c14781dbfdb278874a","id-9c1ce51b8bef13c577f4369e895869e7",""
"id-5f65d5d416765546d4df8e3767ea078b","AssignmentRelationship","","","id-d45ad2785ce309a8a5bccab9dfee007a","id-2f74d0afb5603d0a5d5970afcee92635",""
"id-2ced5da7d939e5aa8a0817b7d108245c","AssignmentRelationship","","","id-8ac3f75f0d20b8f37180699031de424d","id-de1eaa67ac2f6b8e1f38b13230ab5873",""
"id-d6a10d9396b72525b5f00ec3ecb547ec","AssignmentRelationship","","","id-5970f945539ce4dad2eedef8937e4091","id-ff2b93631d57b7ad4748acb55353937d",""
"id-bc99f70ab12cd4c1954138566ee9125f","AssignmentRelationship","","","id-a1b1742e45c2fc7b4c2ca07946136cc5","id-332de9478acc375fea7e5854cfa47700",""
"id-e67d7ecff44de9dece3132dabd7330e6","AssignmentRelationship","","","id-ce200b8a26a1091ab3681ff1bf5566ba","id-98eb59ea5c4c459aaa999b6c408a85cf",""
"id-add58650dd4cfc57f5f845b1eef8c654","AssignmentRelationship","","","id-3306a2fdc556748caa5d6621b8d5fb90","id-b5494b9464e228c9e7db7ab767767822",""
"id-22266e4bc7a6bfd2804edac44c56d4d5","AssignmentRelationship","","","id-248cf4321c0cd6c14781dbfdb278874a","id-d3ae9c322a7f06b72c00e8949bd4caa4",""
"id-26f8c4b2e83b572c2294f671de4c80da","AssignmentRelationship","","","id-6117b5350a1e22a9c633124c9a5d302c","id-f7fd9a1096741ef0b0bd959e42e79b34",""
"id-8575920a6638bebbd11a34ae3ca3d8b1","AssignmentRelationship","","","id-4aab528a9071d9564b8767563149dc8b","id-b7130397ec00c0b4f5e1a713ce4a8736",""
"id-a8d4050fe4834093a509f723fcee4ce1","AssignmentRelationship","","","id-1d9c6dee7ed944f197e1a1f4cdc3ddc6","id-e92f19f25db54e6db2c3bb0233e663a9",""
"id-869dc955f50c473d89d90bf85b6e4c72","AssignmentRelationship","","","id-06b020c44cf74bdba1191bf1ddda8e1a","id-1c8efce08d644ea289426858fca4fe1c",""
"id-7a2b3226704cb7afc259a87cf06945c5","AssignmentRelationship","","","id-3cb4a812852b53c3ab147eb06f4a8467","id-17328ed9350743a9ecdfa5dda39fe43e",""
"id-93b5dc3056de684f89563190bcd91e98","AssignmentRelationship","","","id-2ecd6780fa161116bcaa357d257ec530","id-096ab3e515590bb7ef8cfb65d9ad91e8",""
"id-7b196edc88ef879d656556f2a9cfb53b","AssignmentRelationship","","","id-bde127a5704ecac98d4b22fc6514d807","id-c46b32df19dd8cfb8c024d6b5e0289ca",""
"id-b417433ef8169b3b827f004c3a7ac4fa","AssignmentRelationship","","","id-987764bf09c702121b41f10939c8f515","id-c46b32df19dd8cfb8c024d6b5e0289ca",""
"id-c40059deb6c7b34deec3ba0f93382e73","AssignmentRelationship","","","id-e283b38951ae3263f967aaf6bb339ffd","id-db0f30a5bc0c0374a378a0b8b8298bec",""
"id-3d7404b5ac3645ea2b104bfd2e4ae5bf","AssignmentRelationship","","","id-248cf4321c0cd6c14781dbfdb278874a","id-0d1657c18ec8ba954d42cb8e0ceced53",""
"id-e1a1988f1000e05e4ce1a6b2a479c595","AssignmentRelationship","","","id-248cf4321c0cd6c14781dbfdb278874a","id-946622591d626bd3eb06d41bf124ac70",""
"id-bde0fab750406373567a17725fe69e37","AssignmentRelationship","","","id-2b4b411c9e59e767d8e541e0a2940731","id-b50abdc9ed47f53b977ccc66ce7dc55c",""
"id-5d4721d141a520fc9f7fc09a58a49cbe","AssignmentRelationship","","","id-31b9518d8c460ae77f5dc0b725764e20","id-fe0c862b2d0d3f0e792c35a912a2603d",""
"id-ceeceb6337c7c64bd90e472ea3fa52ee","AssignmentRelationship","","","id-eb47457fd2c283e2c796ba3e7f5d75dc","id-b882fb9b3a5038cebcbd0ab12a935301",""
"id-b3c34cd729f593bda048fd5cbe2fd122","AssignmentRelationship","","","id-ec603ebcdcac84915de2d7df23a6c791","id-b882fb9b3a5038cebcbd0ab12a935301",""
"id-e19ca276b329b2d3b066ef08d075bca6","AssignmentRelationship","","","id-a1b1742e45c2fc7b4c2ca07946136cc5","id-d0596740c92b3c366f62c4db20bf951f",""
"id-2d4e2c01307ae2d0ee6b9194fa90ecbf","AssignmentRelationship","","","id-e2ddd0cac509fcd0e8a6cc4907b59e44","id-1c440362dc2d1fed6d17d9419a94fd97",""
"id-454bf3e5cfad23150b6734153fe93f18","AssignmentRelationship","","","id-248cf4321c0cd6c14781dbfdb278874a","id-09087edabebc4ca3cc37927983ad365c",""
"id-9e78eb2eaa3153a5be7e3e9e83fe08b9","AssignmentRelationship","","","id-a1b1742e45c2fc7b4c2ca07946136cc5","id-bd64028dcc2e6cc0458402044d423983",""
"id-146a20b241ad8e91b7956c85726a6eaa","AssignmentRelationship","","","id-95b8467eba8eeaa35b7503013e44a1da","id-2e17f51baba18b35c560eac73cc77369",""
"id-0fa97bfca5f79a38a10b3d5decb14e30","AssignmentRelationship","","","id-248cf4321c0cd6c14781dbfdb278874a","id-fe98d7511fbb2499a46ed073c0b566a2",""
"id-9efd9fa52e37480fb5a4a2188dffbeba","AssignmentRelationship","","","id-ea072c944351466fb80fde73b4322afb","id-e92f19f25db54e6db2c3bb0233e663a9",""
"id-f576c5dc67b99be0b52b4a4d54f73974","AssignmentRelationship","","","id-bde127a5704ecac98d4b22fc6514d807","id-946622591d626bd3eb06d41bf124ac70",""
"id-647426008d111674aa6d242aabfb3666","AssignmentRelationship","","","id-eb47457fd2c283e2c796ba3e7f5d75dc","id-3c790f9de3c5e2b55da538210a93feab",""
"id-e7f5e59562520754a4a514fe7f5e04aa","AssignmentRelationship","","","id-07b004456b26d3b814ce93cea67b5e92","id-845ffb5d97349ae9d0607d36a75e5c23",""
"id-27de2f8b7a2bca7523239c7949bcf0a2","AssignmentRelationship","","","id-6d0e931e892fe3a7de32199d4d47ac70","id-b26c9f518a1988b4508000e7b4e8276f",""
"id-9726d8cc9c1a4c6b2d0ddef6f924b414","AssignmentRelationship","","","id-3e12c5e5ec7921a5e9a095b08bd78321","id-fd1bf4a2f07f053aa61a7dc4e6d317c4",""
"id-c651fc6d3de1464f96d5a8a0c8095e9e","AssignmentRelationship","","","id-248cf4321c0cd6c14781dbfdb278874a","id-ec6e76e5ee1cb4f09399d99c57de0385",""
"id-8d2cb80308d4741a8fee1db9ccb936ec","AssignmentRelationship","","","id-5e54741af0b4cb001e54598f9709425c","id-5c63b14b58d6988b38b055312d934aed",""
"id-1c732dd4b264f62c9bfeea2481210f8b","AssignmentRelationship","","","id-0de6d243367cdc96dc681f5b6265c3b7","id-f1257a155c987689772da06f8a549cd2",""
"id-6d2bd01c975c71366f5f5b6f5af3516d","AssignmentRelationship","","","id-eb47457fd2c283e2c796ba3e7f5d75dc","id-4b2d6c2053352b65962f9db2a6fdfc94",""
"id-fed95f90b7a8f81aac82edf387a6eb50","AssignmentRelationship","","","id-26dbb885b01bb54d3e6f5d0297aa568b","id-64569e497777cbfb565489abb303ab60",""
"id-4da3a8724522192b3ff089143825c1e6","AssignmentRelationship","","","id-ec603ebcdcac84915de2d7df23a6c791","id-f1257a155c987689772da06f8a549cd2",""
"id-4ed50d21a5918fb46fb51913a13b7336","AssignmentRelationship","","","id-bde127a5704ecac98d4b22fc6514d807","id-8997e1588838c8e3a6eda02f0879bd72",""
"id-7e660b36ef90099ac4306f32708f07db","AssignmentRelationship","","","id-248cf4321c0cd6c14781dbfdb278874a","id-45e8e74aae26ca4b9db7db67830ef803",""
"id-4b3e301cf42777baf25e73b0aa8d5481","AssignmentRelationship","","","id-9ed8ae3806f685b8b997f744b5d50619","id-65bbbff289312b2cd72bb6d3303230e8",""
"id-197da1500e36253c713b9c0cada60688","AssignmentRelationship","","","id-26dbb885b01bb54d3e6f5d0297aa568b","id-b337bc0611ba93b1e25ae8ef7ef717c8",""
"id-77f56a2d32e02db0b726f900ded6543b","AssignmentRelationship","","","id-a1b1742e45c2fc7b4c2ca07946136cc5","id-f80f45db93a4d7d7fe1a12ccabd7c6aa",""
"id-1b73a31525b0572e4abccb5a27aaab88","AssignmentRelationship","","","id-4aab528a9071d9564b8767563149dc8b","id-fda5dfffa1301ead433679ae2a2dcd8a",""
"id-886682ad56aaf01f609d39b676b97599","AssignmentRelationship","","","id-31b9518d8c460ae77f5dc0b725764e20","id-8997e1588838c8e3a6eda02f0879bd72",""
"id-8441b9e55bb804c3439f6957839ba833","AssignmentRelationship","","","id-0c10c5a255137fd6d70dfd4c22679259","id-17328ed9350743a9ecdfa5dda39fe43e",""
"id-4d236d42c882c0a1ac702f8ff9affbbe","AssignmentRelationship","","","id-bde127a5704ecac98d4b22fc6514d807","id-95cc787b1669f66c5da87d40ffb3735f",""
"id-1a968968696a0c7f2cb3e5c57b3e67cc","AssignmentRelationship","","","id-fbada262e89d52ac2f6229a725118576","id-17328ed9350743a9ecdfa5dda39fe43e",""
"id-f665b155742ea781ca4c8f12df0ecb14","AssignmentRelationship","","","id-bde127a5704ecac98d4b22fc6514d807","id-b50abdc9ed47f53b977ccc66ce7dc55c",""
"id-d1a938ca7fec837e10afd5b27776ea90","AssignmentRelationship","","","id-3f792b732e87df35f7f2f8915a8b5abb","id-d38e46927cb5ac0bdb7c99ec6031d18a",""
"id-b4ff7657a62450075000b4a4d908eb1c","AssignmentRelationship","","","id-165bf921def7d456b45bec178b6a60e3","id-1a86ddcdf80ae8f7d088edeb66b1b0be",""
"id-03e93711974581e3f7d61f3f89dba4a6","AssignmentRelationship","","","id-31b9518d8c460ae77f5dc0b725764e20","id-09932520e26b224b93b2baebc499eb28",""
"id-19a0f980358fabf503b6b23ed6b6fa2e","AssignmentRelationship","","","id-4eee299cb31ca824b19ec4b980289bdb","id-15999cf59def1af67130495900502068",""
"id-80379a9c5109ab1a1297064d69cd6476","AssignmentRelationship","","","id-d4b2ddf4c8e23be3c613446c53a11be2","id-98e3473ea45cb4db43555eda0c07146d",""
"id-e867d910c2c3cf97f3fd8ec5ebdef311","AssignmentRelationship","","","id-eb47457fd2c283e2c796ba3e7f5d75dc","id-42626a634f180ab3f8b143066d4efb1e",""
"id-ab71fc6205bb43c2b6530c5dbdb70ba5","AssignmentRelationship","","","id-8b7903afdd3b3a2249024b6d1b684373","id-a86c81e4ed4639e48d6a5c41ae2f1331",""
"id-0725062b12052edec54200e36b3f6d24","AssignmentRelationship","","","id-2b4b411c9e59e767d8e541e0a2940731","id-5763dca7ea3427a38f3ee86155c6d3b1",""
"id-593f4e1e8642a9935fc371ba497ebcb8","AssignmentRelationship","","","id-31b9518d8c460ae77f5dc0b725764e20","id-e6ec34621656d09c9aa8e5d2282913ed",""
"id-acf43019cd818c4e9d88a152743ebe4f","AssignmentRelationship","","","id-0de6d243367cdc96dc681f5b6265c3b7","id-3e9ca2325491cee0141f19739bacbbfc",""
"id-9a7ea3f33e2c3645b899a6591a7b62ed","AssignmentRelationship","","","id-5e8f9676410bca6d4072bef692c20cef","id-a59d3706165c21c8adaf6538c5535395",""
"id-24281824e31b25418d223e02d80b9c05","AssignmentRelationship","","","id-ec603ebcdcac84915de2d7df23a6c791","id-bdc7521f018e0289d47b49bd858eadbd",""
"id-2c82ef682db34c26852c3cd104547ba7","AssignmentRelationship","","","id-8696a8733a4d486ba001792da48ef0ce","id-679f4d0377a142d0ba36c97f34c6c8eb",""
"id-43cb625e9e222dc19ceefeacf979fa9f","AssignmentRelationship","","","id-59b7c3800029d8ab0eb4724bcfaac66f","id-f5c3af3b9fe102cc3ea55db6725c5567",""
"id-cc70fb8dd5100b2c4a95ac6380750530","AssignmentRelationship","","","id-3af96f88dc285a7263105f5da2956b89","id-0c5dc130d8f0012844ced9ce2b7d8400",""
"id-a5e543f3aab2e093e2145ec89cc6c0ff","AssignmentRelationship","","","id-ff8cb595cb5e1c53129e869e6dc2f73d","id-d776f26f0c64c0ba874469f4eda60c13",""
"id-69056f68541b62fb5392cd1624deec09","AssignmentRelationship","","","id-248cf4321c0cd6c14781dbfdb278874a","id-627cc8ad867374995ab48fc3ccd492c5",""
"id-c9212a84cc5e812fe263d5cca48ca015","AssociationRelationship","","","id-4a3aa79b0c081801f112dd2bc84c0afd","id-4a3aa79b0c081801f112dd2bc84c0afd",""
"id-d132bba29f9de39b1996fe1300bd4d18","AssociationRelationship","","","id-04d19e22f51ad13a01a67e873b3db836","id-ac37226839189355b49ee4cf4ea539b6",""
"id-27c8c190ba2ac63129e97e5de7fd1c6e","AssociationRelationship","","","id-2f74d0afb5603d0a5d5970afcee92635","id-5e8f9676410bca6d4072bef692c20cef",""
"id-bc8cf034379643127aaa61f65f631937","AssociationRelationship","","","id-d45ad2785ce309a8a5bccab9dfee007a","id-6f80fe5ef3299a9b344cac17c50ba0dd",""
"id-862c51781f9864ee3d1d0759736afac7","AssociationRelationship","","","id-215d5cfb46641cb5aa4eff6b7e10058c","id-eb47457fd2c283e2c796ba3e7f5d75dc",""
"id-e8e4076801078634b0689c8153e0a6a8","AssociationRelationship","","","id-8febb3205ea06533beb9d49fa9df2588","id-e3943c81a8aeb7dae4e21b9adf1ef25d",""
"id-3f06fa3872d9e9a92de48b7dc733c809","AssociationRelationship","","","id-a6a885fa196c8959639427c1ea12cb34","id-59f17a931ba416d40e9709d8275b6a41",""
"id-6c37decda534bf889515fca1c5d76aee","AssociationRelationship","","","id-5018c2e632e276107d40d5180f65d7fb","id-6f80fe5ef3299a9b344cac17c50ba0dd",""
"id-a9e94b3086b042b0829309219a8f3730","AssociationRelationship","","","id-593afc4539b848c880359f290abcf86c","id-7ec55da1ff7d49afb872051459045db0",""
"id-4fd1e75a420591659bc608cb5a4d619a","AssociationRelationship","","","id-9ce4ed39df39d31233c9e2b75416d92f","id-f627755fc9852f128efb37ea3580e5a3",""
"id-9c121d0582359cef4534f20683114e5c","AssociationRelationship","","","id-5ec32aaac768e69f7108a4b0bd736ba6","id-1c9623fa27ad18cc249edacda4cb1f51",""
"id-e72f5ccf6450c7799545fa41e48ae46b","AssociationRelationship","","","id-2d850d0d2c597767ed08c26fbfc1950a","id-a6a885fa196c8959639427c1ea12cb34",""
"id-e9c5be077620c718bc769cafb5f2369c","AssociationRelationship","","","id-a6a885fa196c8959639427c1ea12cb34","id-8a7705ad3e4f747c53707ec5e89fd350",""
"id-7eeae4af4d7be38154d826857c283ba2","AssociationRelationship","","","id-73f27c27a205a64ca6cc33f7a8333085","id-aa67e2e5b56dd455488d6db14bfc086e",""
"id-e875196910eb1a99386eeb1e55d56e0a","AssociationRelationship","","","id-3ad28ccc5ee3c5e5b640fd5f642f7e9d","id-2e5b0e9bb32d1573658ad8e87361c782",""
"id-a79452544bc42c713a2e575fd4ba3641","AssociationRelationship","","","id-aea44886188d60859c1fef5b3608179d","id-65c82c4f8326557441aad42eae0fc924",""
"id-045bb5ed82b7b0f2121c634f9cf12df9","AssociationRelationship","","","id-6fcc4d74749c954e2211fcf7bbe8b35a","id-65c82c4f8326557441aad42eae0fc924",""
"id-2c130ca54a604c1adaf6b6768e8db636","AssociationRelationship","","","id-9a78f5c3f1029c19e607c74515f3ea85","id-8a7705ad3e4f747c53707ec5e89fd350",""
"id-b9d1059ae745f63740b5aceb68e08853","AssociationRelationship","","","id-b2df83979b0b941e2612d73ca5cf302a","id-e97b33d0490a491fd8468e53da37ee4a",""
"id-a4e55183fa2db566cd81bd391603ee10","AssociationRelationship","","","id-77dc8c8132a150009124d77450a21bb4","id-77dc8c8132a150009124d77450a21bb4",""
"id-3d923f2ba0e9699ce2814529a67ceb8e","AssociationRelationship","","","id-d7f7fa06d5f4cae1bf6e570a52182704","id-bf2fe8a90d804b594eda9ac634ac1b70",""
"id-245027c79ce78e7f4ba1c9479d5dcf79","AssociationRelationship","?","","id-eba6b879c401704dc36fcbd671edd8bd","id-c787effa7ba34101840a6a97bcceaf8a",""
"id-07eec8160469b7aafae4e35a5f8fb292","AssociationRelationship","??","","id-5d6e22616d93bc116de31c5b294a7cfe","id-21f43fc6889bad9da583e70061df97af",""
"id-430d1e8ccaf4492ca3375c9878e811b4","AssociationRelationship","aan","","id-7b529a8de9596b493437e4762b7f9b1c","id-3e7f23c6b044b054b142fe45cd0f24a0",""
"id-2b234a5d57897f15840688af57c782b7","AssociationRelationship","aangeboden door","","id-bf2fe8a90d804b594eda9ac634ac1b70","id-aa67e2e5b56dd455488d6db14bfc086e",""
"id-1902d6229a5fd0afd142d1680936272c","AssociationRelationship","afgestemd op","","id-e42f91bf9e67a068d4d0a5c201cc5316","id-21ca90c4d1f5f7e9f9b6b1d1c12b7ed4",""
"id-712956dd720caa907983499f97682b6f","AssociationRelationship","arrangeert","","id-d25e0013559980559fceeaf5e4a250eb","id-e42f91bf9e67a068d4d0a5c201cc5316",""
"id-f2532887dbb0800fb7b5d99f0f0179b2","AssociationRelationship","begeleidt","","id-d25e0013559980559fceeaf5e4a250eb","id-02fbda5e4bdefb727fbea2546c429fa1",""
"id-173c069d302ee1a75d355a8a3ab84746","AssociationRelationship","begeleidt","","id-f0ab044f2d4f4c2466fc53264a9cfaa7","id-02fbda5e4bdefb727fbea2546c429fa1",""
"id-8e9d7a8741d5468da1c8578c6dbb6189","AssociationRelationship","behoort tot","","id-8cd68c03ab5d4b2582df64b7ff5dd5a0","id-7693d63456c34f4493ff91b317ffd73a",""
"id-616aefc365ad810c226d432e836d133d","AssociationRelationship","bepaalt","","id-f42629d4515fc2cc75010a30ceee158e","id-b26a8c64891185238533e3b131df0ac4",""
"id-4c9609fea05166bbdd0850b7eb13b8e3","AssociationRelationship","bereft","","id-caf6ae96847007ae4e7fc654f67ed46f","id-6d5fa924e13a21b7b8693efc69c8ff50",""
"id-54c1481f72d1040900985cbd1018e1c3","AssociationRelationship","beschreven in","","id-283c3b0e01e1e74cf8ce954fcc8b0775","id-726f6987b079ca4764469b86ff596bf2",""
"id-7c61f79887e070e7d1cde76d36107de7","AssociationRelationship","beschrijft","","id-5866d94cdb9e38be492f9619ac28f2a9","id-944a41403708bbf74efad3e08451e98a",""
"id-9d7e93080535b50a66115aff5ca1d592","AssociationRelationship","bestaat uit","","id-3ad28ccc5ee3c5e5b640fd5f642f7e9d","id-3ad28ccc5ee3c5e5b640fd5f642f7e9d",""
"id-36a78b11b193c2363cb80b4fd011bc50","AssociationRelationship","betreft","","id-47ff56c48257fc5b481a97b7a9040315","id-02fbda5e4bdefb727fbea2546c429fa1",""
"id-9056d62cd5418e286eca8af7bb436219","AssociationRelationship","betreft","","id-6ae9bd44eade5c36eefc9e5cd4d8e1f1","id-bf2fe8a90d804b594eda9ac634ac1b70",""
"id-c06caf95f88781087406fef525170af3","AssociationRelationship","betreft","","id-1c214fcf3ab468cc7c393b39b6080689","id-02fbda5e4bdefb727fbea2546c429fa1",""
"id-b24918df3fab1b49ab7f3dfc027be2a6","AssociationRelationship","betreft","","id-8a7705ad3e4f747c53707ec5e89fd350","id-6d5fa924e13a21b7b8693efc69c8ff50",""
"id-441bffcc85a3bb6ca377664a46ff55e0","AssociationRelationship","betreft","","id-f76c63e8f832318ee7247a27bc850be9","id-6d5fa924e13a21b7b8693efc69c8ff50",""
"id-d06191a0a6f2fc13a7652a9f8269ee4a","AssociationRelationship","betreft","","id-a23c3fa2652e6537aa44a871ff8ff981","id-72fdc54abacd9b5662ba5391402a015e",""
"id-f5c19403772239f1d0600b4d459966ad","AssociationRelationship","betreft","","id-1c214fcf3ab468cc7c393b39b6080689","id-5654c774c339b1dce84e678b0afdf598",""
"id-2e5e9671dbe12a8fa5f239ac9a14e8b6","AssociationRelationship","betreft","","id-81d823efe0153f1dcc51c00f6f01b6f4","id-c787effa7ba34101840a6a97bcceaf8a",""
"id-9518a5311c1229c2ab7cae0d64e9dd7f","AssociationRelationship","betreft","","id-8a7705ad3e4f747c53707ec5e89fd350","id-02fbda5e4bdefb727fbea2546c429fa1",""
"id-9eca26dde145b7746da9497488649a4c","AssociationRelationship","betreft","","id-eba6b879c401704dc36fcbd671edd8bd","id-d7f7fa06d5f4cae1bf6e570a52182704",""
"id-6e74d4ede902304d4daea97eb9d01de2","AssociationRelationship","betreft","","id-0f3920de61d70e0ea9ce22d04e36c0c5","id-02fbda5e4bdefb727fbea2546c429fa1",""
"id-57e2a4596732535e55124ed5801fc0a9","AssociationRelationship","betreft","","id-a23c3fa2652e6537aa44a871ff8ff981","id-bf2fe8a90d804b594eda9ac634ac1b70",""
"id-d591ff052040eb75364d36986bd0d398","AssociationRelationship","betreft","","id-610ab58f39cb2198f3b1b7b0b96e877f","id-89e9e5def26d17beefa079b60895ae3b",""
"id-9e39d24182ff39458eaad508d4c377ff","AssociationRelationship","betreft","","id-784689d996ad885971e9a1424afbcd87","id-02fbda5e4bdefb727fbea2546c429fa1",""
"id-f4f403bbcf6b085a7ed5ccc517c0afdf","AssociationRelationship","betreft","","id-0eb09dd516e7719e1cbf48241586cec4","id-c787effa7ba34101840a6a97bcceaf8a",""
"id-cc068319394adb18fa73e673025454ec","AssociationRelationship","betreft","","id-272c3a51db430fbb1d74c358c45b9cac","id-02fbda5e4bdefb727fbea2546c429fa1",""
"id-3e52c311470de1da0ee1d6a4ba90bcf1","AssociationRelationship","betreft","","id-fa1e486f2dca58320b33fd05088d4c22","id-21f43fc6889bad9da583e70061df97af",""
"id-c73a3834fdbbe10f7cfc48e786b9678b","AssociationRelationship","betreft","","id-6ae9bd44eade5c36eefc9e5cd4d8e1f1","id-72fdc54abacd9b5662ba5391402a015e",""
"id-ae4976c837b543aea3a435e28af5cb95","AssociationRelationship","betreft","","id-1be6913db008ae5353bfe92bae30baeb","id-21f43fc6889bad9da583e70061df97af",""
"id-faef556128539045274addf01ce9ee14","AssociationRelationship","betreft","","id-caf6ae96847007ae4e7fc654f67ed46f","id-02fbda5e4bdefb727fbea2546c429fa1",""
"id-e053edd8a769f6c5e2bf1f5c1861f145","AssociationRelationship","betrokken bij","","id-fe8dc5ac4a2ada1a90c871db729841bc","id-284df352e1b354fb514ed97a3d45c86e",""
"id-718995a7fda1b948d9284dbcc1359add","AssociationRelationship","biedt aan","","id-b2df83979b0b941e2612d73ca5cf302a","id-21ca90c4d1f5f7e9f9b6b1d1c12b7ed4",""
"id-4a24ab45b047ea198209cede41401ab0","AssociationRelationship","biedt onderwijs aan op","","id-21f43fc6889bad9da583e70061df97af","id-d7f7fa06d5f4cae1bf6e570a52182704",""
"id-0a48f7e48b224db19d9a2aba23e87c6d","AssociationRelationship","biedt onderwijs aan op","","id-8cd68c03ab5d4b2582df64b7ff5dd5a0","id-63be4603139e488f93235ff996387731",""
"id-c3ba842f776f737cafb7b86119538b9f","AssociationRelationship","draagt bij aan","","id-610ab58f39cb2198f3b1b7b0b96e877f","id-83271c0b89066b911be92aaaa453f8f2",""
"id-20e1069c2658c771c87f0192e5b1c730","AssociationRelationship","drukt uit","","id-f300fdd786fd751c07df659aa4d95472","id-fe61a86bf8b190686b74a3529057997f",""
"id-49020e946d881317c2426c380fc8271f","AssociationRelationship","faciliteert","","id-d25e0013559980559fceeaf5e4a250eb","id-43d5890b61cd143ec0c68545201dafaf",""
"id-7f734c240b97538f3d807900634a9ea1","AssociationRelationship","faseert","","id-43d5890b61cd143ec0c68545201dafaf","id-93d20d20540ac713e02c7507ad3ef658",""
"id-ad7f5dd09280e35d15795d025c4f8b6f","AssociationRelationship","faseert","","id-21ca90c4d1f5f7e9f9b6b1d1c12b7ed4","id-3b518de389d2b8aa422e59d1990e3617",""
"id-d5fd53aea13eb4ad34128439c31b6e0e","AssociationRelationship","gaat volgens","","id-c9a5864b3f0bd6114f65be6a9dd0a027","id-726f6987b079ca4764469b86ff596bf2",""
"id-9e262529ba203bff8b0144acac9a609f","AssociationRelationship","gebaseerd op","","id-21ca90c4d1f5f7e9f9b6b1d1c12b7ed4","id-72fdc54abacd9b5662ba5391402a015e",""
"id-399734099e99d3c6d28cfeb03c398359","AssociationRelationship","gebaseerd op","","id-2e5b0e9bb32d1573658ad8e87361c782","id-ac37226839189355b49ee4cf4ea539b6",""
"id-eec543590c2bbbf4788294aea93f513a","AssociationRelationship","gebruikt","","id-6d5fa924e13a21b7b8693efc69c8ff50","id-d7a6d688eb7c2872f8d42ee489c20ef3",""
"id-41dbd2689244c41237c2f8e0305fe184","AssociationRelationship","geeft","","id-02fbda5e4bdefb727fbea2546c429fa1","id-610ab58f39cb2198f3b1b7b0b96e877f",""
"id-4bf3241968d9d2d17fa68a7517076b7c","AssociationRelationship","geeft","","id-d25e0013559980559fceeaf5e4a250eb","id-610ab58f39cb2198f3b1b7b0b96e877f",""
"id-f4107ef0f80f2e8d2b811c2635ad35dd","AssociationRelationship","geeft kaders voor","","id-801d780a2bf8b003bff305853c7bf9fe","id-3b518de389d2b8aa422e59d1990e3617",""
"id-13eb3f1691227a95741207171939de90","AssociationRelationship","geeft richting aan","","id-fc0438cd2f92c8e46c682916a9eb4a05","id-fe1b2577e4ea2ad0728bcc8e6d825a52",""
"id-458a7f760bde0dba97c2bdc022ba3d54","AssociationRelationship","gekoppeld aan","","id-b2df83979b0b941e2612d73ca5cf302a","id-3b518de389d2b8aa422e59d1990e3617",""
"id-33da78799e5fad839f286f1f934242ee","AssociationRelationship","heeft","","id-76f4ae0a6bc546ca04621f5ab998fe01","id-debefa5a18187457697a20730c1a67f1",""
"id-21bf947f3ac408a46a658f66dfeda784","AssociationRelationship","heeft","","id-2598c7872c8ee403b0a552d6c3f678fb","id-f42629d4515fc2cc75010a30ceee158e",""
"id-e9e3c95b4b27433cd6042d1f21d126a9","AssociationRelationship","heeft","","id-fe1b2577e4ea2ad0728bcc8e6d825a52","id-44c5a2c356ae428051d13a45698ae439",""
"id-f385fddf4bc8335703c5341b2bf94f4d","AssociationRelationship","heeft","","id-02fbda5e4bdefb727fbea2546c429fa1","id-ffa5e88028a913cb4072aca388f66a43",""
"id-d929ef9fe32fefa19a7ff0edad8d2893","AssociationRelationship","heeft","","id-fe8dc5ac4a2ada1a90c871db729841bc","id-b08216d5809ce6dc5d1e88b1932df437",""
"id-b330fb16c344252a8b243370f6444506","AssociationRelationship","heeft","","id-02fbda5e4bdefb727fbea2546c429fa1","id-4dc68f98ce2e1c97402da46264ae2ddf",""
"id-56d74ac954eef1b40dd2f57a633968a2","AssociationRelationship","heeft","","id-02fbda5e4bdefb727fbea2546c429fa1","id-a5aea7b89cbe2536caab8d929eb1583e",""
"id-c2705c9f49c7004554bb50faf66a9612","AssociationRelationship","heeft","","id-fe8dc5ac4a2ada1a90c871db729841bc","id-7b529a8de9596b493437e4762b7f9b1c",""
"id-f00a8fb67f27e2747cf2f42c746cbf44","AssociationRelationship","heeft","","id-9c851a23dfc0101b92e185706622a906","id-debefa5a18187457697a20730c1a67f1",""
"id-7c33bc35725b414d2dd50100e5e2c90d","AssociationRelationship","heeft","","id-c787effa7ba34101840a6a97bcceaf8a","id-343b852ea9a67dba33503043f6dfe93a",""
"id-e35705c855ffee4c8c3e48497749f600","AssociationRelationship","heeft","","id-c787effa7ba34101840a6a97bcceaf8a","id-5c63ca0838ce2e6023f150938cb1ff3b",""
"id-7a6272d9ffd13ed1796354e8aaf41852","AssociationRelationship","heeft","","id-2598c7872c8ee403b0a552d6c3f678fb","id-8e62c8d916a904aeb5e311ea80ea5d0a",""
"id-5fc486de2c1d2d111e028f04c63c579a","AssociationRelationship","heeft","","id-3ad28ccc5ee3c5e5b640fd5f642f7e9d","id-72fdc54abacd9b5662ba5391402a015e",""
"id-473d6da2d5dd225c94253c707ac38bf3","AssociationRelationship","heeft arbeidsrelatie met","","id-6d5fa924e13a21b7b8693efc69c8ff50","id-fe8dc5ac4a2ada1a90c871db729841bc",""
"id-a67e92fe2d84f8845314f5a1998e398d","AssociationRelationship","heeft betrekking","","id-36566affb8b4e06865b5909227fa302a","id-855e720f61ec12102f8b758654837fc1",""
"id-b918114e87d646821b52813d5bef26d8","AssociationRelationship","heeft betrekking op","","id-0ab8b0b6b3d6641cb9ec4a8d8752f348","id-855e720f61ec12102f8b758654837fc1",""
"id-6f03118f75819971a172122707f03a7f","AssociationRelationship","heeft betrekking op","","id-36566affb8b4e06865b5909227fa302a","id-983d5555081d0d8aaef4af60894e7d82",""
"id-d5bc1163f8abf239fe400b1483f27b17","AssociationRelationship","heeft betrekking op","","id-36566affb8b4e06865b5909227fa302a","id-e94129eeb979711ee8eb588fced9e632",""
"id-1712f425ae2699806b12625b3d578fd6","AssociationRelationship","hoort bij","","id-838e455e786705d99a13d8d477150929","id-bf2fe8a90d804b594eda9ac634ac1b70",""
"id-4088fa87b0dad581a1c7acc176c7404d","AssociationRelationship","hoort bij","","id-ac37226839189355b49ee4cf4ea539b6","id-02fbda5e4bdefb727fbea2546c429fa1",""
"id-103ddc5979f049b7801274ccb11cbeec","AssociationRelationship","in stand gehouden door","","id-aa63d427154447698bb6caae7ccb529a","id-2776da01538e416f85c8cd7c90d00c7e",""
"id-0c61f4c751381d47a6eb6d5176ed1e30","AssociationRelationship","in stand gehouden door","","id-8a1a34c70d5262a1fd14504d02c92cae","id-73f27c27a205a64ca6cc33f7a8333085",""
"id-6368ecd449b1408e9c9c9065e24a2a9b","AssociationRelationship","ingesteld door","","id-7693d63456c34f4493ff91b317ffd73a","id-f6653fbbd02245a9a480398b749ffc28",""
"id-9f2f4bc3ae944610a6bf97ec315fefb2","AssociationRelationship","ingesteld door","","id-8cd68c03ab5d4b2582df64b7ff5dd5a0","id-f6653fbbd02245a9a480398b749ffc28",""
"id-d06e9f02c414367b9d3b8691ac8d68c8","AssociationRelationship","ingesteld door","","id-21f43fc6889bad9da583e70061df97af","id-fe8dc5ac4a2ada1a90c871db729841bc",""
"id-e76b35d91397692aee45bec9a32f3712","AssociationRelationship","is","","id-fe8dc5ac4a2ada1a90c871db729841bc","id-aaf34fa7c78da784d7e580fdc50b2a10",""
"id-7112e777403f1a305deb7cf41f7189b1","AssociationRelationship","is directie van","","id-7db8acf01780e1db331a6f16788cc837","id-aa67e2e5b56dd455488d6db14bfc086e",""
"id-7cbf0aea1e676df8c5880876ae488c5e","AssociationRelationship","is een basis voor","","id-2029870376e772f86b694ca72a7fc015","id-c91e62747015a43241e5b1d615a0cd66",""
"id-7f5ea72487f6b10609ef342db9c22850","AssociationRelationship","is een basis voor","","id-d6fdaba1390e29f8eeabe3108a0b47b4","id-c91e62747015a43241e5b1d615a0cd66",""
"id-528ad6d189163b44d57bfca7dd96b583","AssociationRelationship","is erkend als","","id-fe1b2577e4ea2ad0728bcc8e6d825a52","id-73f27c27a205a64ca6cc33f7a8333085",""
"id-f475e3048520470fc3cc6944458eb226","AssociationRelationship","is gebaseerd op","","id-7b529a8de9596b493437e4762b7f9b1c","id-be468c8e0bc5d035bf69f86e948bac43",""
"id-b5e7f7494063bb473d7eea4bd4b0a505","AssociationRelationship","is gebaseerd op","","id-7b529a8de9596b493437e4762b7f9b1c","id-863ecb88c42d6505adc502462bd4a897",""
"id-c9ba8b2dc8bd1391250fc1a4b4268570","AssociationRelationship","is gebaseerd op","","id-b9aa31c4068ebee03b3f4743a1d27fd0","id-36566affb8b4e06865b5909227fa302a",""
"id-f7a2372cf2ce893cc771f2e4b9e8d9e5","AssociationRelationship","is onderdeel van","","id-c2f61f9d18602265318b897fbab96154","id-acaeec19f0e1756437c7cba3587bfd5f",""
"id-f96335133b12427a80c8d015362b1d60","AssociationRelationship","is op","","id-8f4a8c48712143bcb45e77e262d9784a","id-63be4603139e488f93235ff996387731",""
"id-48701eb500cb1e4a409fd476c829dcaa","AssociationRelationship","kan leiden tot","","id-a9a47578b14784075660e88955052207","id-5c6e4b61befcd78d43c56a5104f2c773",""
"id-9c9b5d2de538c666f69b8f2ae641b29f","AssociationRelationship","Kan leiden tot","","id-a9a47578b14784075660e88955052207","id-7146404a4b7866dafaf6de0f3e7e7c86",""
"id-ae60bd9aa5e299e6081b6a5b090cafb1","AssociationRelationship","krijgt","","id-02fbda5e4bdefb727fbea2546c429fa1","id-610ab58f39cb2198f3b1b7b0b96e877f",""
"id-b612f85074fd4cc1b1fc78387ccb9c64","AssociationRelationship","laat onderwijs verzorgen op","","id-f6653fbbd02245a9a480398b749ffc28","id-8f4a8c48712143bcb45e77e262d9784a",""
"id-1ddc4bc86f019c0f2afefc92105acd23","AssociationRelationship","langs","","id-43d5890b61cd143ec0c68545201dafaf","id-21ca90c4d1f5f7e9f9b6b1d1c12b7ed4",""
"id-3c21da2cce2f4841af2849c7be7d601b","AssociationRelationship","legt verantwoording af aan","","id-fd69ad3c83e941109da10d0dae541cb1","id-baa2918c282d4f0c9ba08647cb324791",""
"id-0cfa7bb3e00641079318c222247e2572","AssociationRelationship","legt verantwoording af aan","","id-baa2918c282d4f0c9ba08647cb324791","id-5f3a780d35b146718746269b666ceee0",""
"id-a349f97c3a5874d84639007628141546","AssociationRelationship","leidt tot","","id-838e455e786705d99a13d8d477150929","id-ffa5e88028a913cb4072aca388f66a43",""
"id-63b68acb8563be85730e6ccffb1229ce","AssociationRelationship","leidt tot","","id-7b529a8de9596b493437e4762b7f9b1c","id-36566affb8b4e06865b5909227fa302a",""
"id-be8933151fce6b4e7c9c4693c9e8f692","AssociationRelationship","leidt tot","","id-6ae9bd44eade5c36eefc9e5cd4d8e1f1","id-6dcf37796ed3121159da1fe5ac0370e0",""
"id-613164f412a4b15e3f24d80461205ed7","AssociationRelationship","leidt tot","","id-44c5a2c356ae428051d13a45698ae439","id-df56f99f877c893afb7d7dc2cd62a866",""
"id-f0d2739140912194cad1875562ffd19b","AssociationRelationship","leidt tot","","id-93d20d20540ac713e02c7507ad3ef658","id-83271c0b89066b911be92aaaa453f8f2",""
"id-eaaa42c5527372c05fcbbc40ccf85329","AssociationRelationship","leidt tot","","id-956dffca855dd8c60fe0c9b2f1edb40b","id-63553c7ffb3e394232705c07ecab9a79",""
"id-f66df0aa2104a5c2530fef22213153ef","AssociationRelationship","leidt tot","","id-5c6e4b61befcd78d43c56a5104f2c773","id-63553c7ffb3e394232705c07ecab9a79",""
"id-f9887b83b1ae1e2ca700538f8fcfb9a3","AssociationRelationship","leidt tot","","id-b08216d5809ce6dc5d1e88b1932df437","id-36566affb8b4e06865b5909227fa302a",""
"id-996c93f2dbffd40449299688e6d386c6","AssociationRelationship","leidt tot","","id-2598c7872c8ee403b0a552d6c3f678fb","id-dacfa57d76e5aee96c0c510432266b05",""
"id-4cdb58bfca6f50577ead8a34685b47fa","AssociationRelationship","leidt tot","","id-1f4c1b10300a7c1c84cb89cecbf35cf3","id-36566affb8b4e06865b5909227fa302a",""
"id-e539d0f569752adfb04aeefb7d31e333","AssociationRelationship","leidt tot","","id-fe61a86bf8b190686b74a3529057997f","id-610ab58f39cb2198f3b1b7b0b96e877f",""
"id-4edcb1a10c7a214da728afd5baf9f54b","AssociationRelationship","leidt tot","","id-0f3920de61d70e0ea9ce22d04e36c0c5","id-610ab58f39cb2198f3b1b7b0b96e877f",""
"id-d516f01a5d1a21ed49aa208f21d03e91","AssociationRelationship","leidt tot","","id-b08216d5809ce6dc5d1e88b1932df437","id-1f4c1b10300a7c1c84cb89cecbf35cf3",""
"id-333c412f35cbfaf984a106aafa51de7e","AssociationRelationship","leidt tot","","id-6dcf37796ed3121159da1fe5ac0370e0","id-a23c3fa2652e6537aa44a871ff8ff981",""
"id-2ba06325cd1f8acdda0cc4c04916e04f","AssociationRelationship","leidt tot","","id-89e9e5def26d17beefa079b60895ae3b","id-fe61a86bf8b190686b74a3529057997f",""
"id-b5d3f04beb9b4bd36f6385ea1d2afd0d","AssociationRelationship","leidt tot","","id-0f3920de61d70e0ea9ce22d04e36c0c5","id-272c3a51db430fbb1d74c358c45b9cac",""
"id-c7f883cf72c0dfe4baac5ae87e102ccc","AssociationRelationship","leit tot","","id-7b529a8de9596b493437e4762b7f9b1c","id-b9aa31c4068ebee03b3f4743a1d27fd0",""
"id-634e3f9a122839fe74cdf4980440b03c","AssociationRelationship","maakt","","id-d25e0013559980559fceeaf5e4a250eb","id-0f3920de61d70e0ea9ce22d04e36c0c5",""
"id-c231785ebcab85a5ef4d15077442167e","AssociationRelationship","maakt deel uit van","","id-d189e66e377e7866761dc5b5baf48093","id-fe1b2577e4ea2ad0728bcc8e6d825a52",""
"id-b695fb3f76dca34e11296bb7487a64d1","AssociationRelationship","maakt door","","id-02fbda5e4bdefb727fbea2546c429fa1","id-93d20d20540ac713e02c7507ad3ef658",""
"id-f16ba6fc5b074e168b83e85e3ffcffbb","AssociationRelationship","maakt gebruik van","","id-aa63d427154447698bb6caae7ccb529a","id-ac26e1a336724cf5a9e966c1776e75ef",""
"id-505a123e7087adefeaaa25f699ac5470","AssociationRelationship","met","","id-76f4ae0a6bc546ca04621f5ab998fe01","id-145e65ec86e7dc66ddfb2704b60e154d",""
"id-c00ffffafc39dbe037e15d5887bd118a","AssociationRelationship","met","","id-9c851a23dfc0101b92e185706622a906","id-02fbda5e4bdefb727fbea2546c429fa1",""
"id-b0600b64dc9a52921342aa4515b3bb9f","AssociationRelationship","neemt deel aan","","id-d189e66e377e7866761dc5b5baf48093","id-d835e86cc52efc17df04b9c76a480882",""
"id-51ad58f0f781b55109712556f3bf3cca","AssociationRelationship","nodig voor","","id-e7a0e4e176d5abbcf202377d410a69a8","id-bf2fe8a90d804b594eda9ac634ac1b70",""
"id-02260401f7efde06c7694f53ba949077","AssociationRelationship","omvat","","id-ac37226839189355b49ee4cf4ea539b6","id-7ab2b7c1c17821e137f586d0977d8e94",""
"id-b9688c1a36c1f3de79558079d6be1fa1","AssociationRelationship","omvat","","id-801d780a2bf8b003bff305853c7bf9fe","id-dcebacf8dc1f899fbf9a60fa1d774172",""
"id-ea3b68bd1643cca97264c19a050be0c4","AssociationRelationship","omvat","","id-21ca90c4d1f5f7e9f9b6b1d1c12b7ed4","id-a5aea7b89cbe2536caab8d929eb1583e",""
"id-acbd40a8c04c3098b53f801608a8f02f","AssociationRelationship","omvat","","id-4dc68f98ce2e1c97402da46264ae2ddf","id-610ab58f39cb2198f3b1b7b0b96e877f",""
"id-88c473ec9b6d252fe49c551d6dd88468","AssociationRelationship","omvat","","id-c9a5864b3f0bd6114f65be6a9dd0a027","id-2598c7872c8ee403b0a552d6c3f678fb",""
"id-09c92876183629777756d367386233e4","AssociationRelationship","omvat","","id-43d5890b61cd143ec0c68545201dafaf","id-a5aea7b89cbe2536caab8d929eb1583e",""
"id-2ce5b1da4d8ead617ca08ea3bed47fb7","AssociationRelationship","omvat","","id-04d19e22f51ad13a01a67e873b3db836","id-02fbda5e4bdefb727fbea2546c429fa1",""
"id-40bfcace6ae9b7f1e85845bd19ca91e5","AssociationRelationship","omvat","","id-d7f781b89e21704020cf3deac0330e5f","id-3ad28ccc5ee3c5e5b640fd5f642f7e9d",""
"id-6bcd25a209dd305eedad601176244f0b","AssociationRelationship","omvat","","id-6ae9bd44eade5c36eefc9e5cd4d8e1f1","id-7ab2b7c1c17821e137f586d0977d8e94",""
"id-a32b927ecb9dfd93b942bddeee7a2c43","AssociationRelationship","omvat","","id-2598c7872c8ee403b0a552d6c3f678fb","id-98066ae45d24dec8cba0183885fe9224",""
"id-df3721f6e2b0015c8675442736b68701","AssociationRelationship","omvat","","id-ffa5e88028a913cb4072aca388f66a43","id-5654c774c339b1dce84e678b0afdf598",""
"id-564b0ac5881690e17ae5816761226d2d","AssociationRelationship","omvat","","id-4dc68f98ce2e1c97402da46264ae2ddf","id-89e9e5def26d17beefa079b60895ae3b",""
"id-d4ff46ae4920d35a5fbccb999b9d877f","AssociationRelationship","omvat","","id-ac37226839189355b49ee4cf4ea539b6","id-0afdfc9e8539ec1c29cf3363a67d491f",""
"id-e7beaf20c4591349e5c1a7a4f2218b82","AssociationRelationship","omvat","","id-4dc68f98ce2e1c97402da46264ae2ddf","id-0f3920de61d70e0ea9ce22d04e36c0c5",""
"id-3736b4eabb79359f41c72d5883035ffe","AssociationRelationship","omvat","","id-4dc68f98ce2e1c97402da46264ae2ddf","id-fe61a86bf8b190686b74a3529057997f",""
"id-5aa3fb24232eff949a61bde267536946","AssociationRelationship","omvat","","id-a23c3fa2652e6537aa44a871ff8ff981","id-0afdfc9e8539ec1c29cf3363a67d491f",""
"id-35847f1cb910626712fa6906858c3be0","AssociationRelationship","omvat beleid voor","","id-bb834a794ea44cf89c2895e7a7112657","id-c787effa7ba34101840a6a97bcceaf8a",""
"id-c08591372b5e8105ddc310e8d19de86a","AssociationRelationship","omvat beleid voor","","id-284df352e1b354fb514ed97a3d45c86e","id-c787effa7ba34101840a6a97bcceaf8a",""
"id-3aecaf83c3fbde9b7e937fd94388f323","AssociationRelationship","omvat bij latende school","","id-faabaa8b0fdd335dd7633643786fe538","id-63553c7ffb3e394232705c07ecab9a79",""
"id-ff682682b9cb91cd221eb85368f60233","AssociationRelationship","omvat bij ontvangende school","","id-faabaa8b0fdd335dd7633643786fe538","id-a23c3fa2652e6537aa44a871ff8ff981",""
"id-25bada3e4631cca1a04294f9a084d76c","AssociationRelationship","onderdeel van","","id-784689d996ad885971e9a1424afbcd87","id-76f4ae0a6bc546ca04621f5ab998fe01",""
"id-a7c1fe5b1c7f1a383f964a7f865ec0f2","AssociationRelationship","onderdeel van","","id-35d5402d34efb2bff366371731c85c79","id-b2df83979b0b941e2612d73ca5cf302a",""
"id-99a8c46c636e7a9d1f7655220ddb284b","AssociationRelationship","onderdeel van","","id-784689d996ad885971e9a1424afbcd87","id-9c851a23dfc0101b92e185706622a906",""
"id-adb3875a23b2f3809bf2a2ea592f10fa","AssociationRelationship","ondersteunt","","id-11bfe42dd3094871930ea223b8b3409a","id-19280d21fec20d8c7b2aa15bbfaa6add",""
"id-7952a837e8e5546a8af6deec4c315443","AssociationRelationship","ondersteunt","","id-e42f91bf9e67a068d4d0a5c201cc5316","id-93d20d20540ac713e02c7507ad3ef658",""
"id-93afeb69b5480b32de0fb1cc63c05b58","AssociationRelationship","ontwerpt","","id-d25e0013559980559fceeaf5e4a250eb","id-21ca90c4d1f5f7e9f9b6b1d1c12b7ed4",""
"id-0ce0cb0569f2f58c8f7140c8914600d4","AssociationRelationship","organiseert","","id-d25e0013559980559fceeaf5e4a250eb","id-5654c774c339b1dce84e678b0afdf598",""
"id-81289c3aff2ccb671bb9ba00bd014575","AssociationRelationship","participeert in","","id-fe8dc5ac4a2ada1a90c871db729841bc","id-6149f988d2d93ec21e937bb13b8dbb63",""
"id-20df1ea5212e292d3bf48493121b9945","AssociationRelationship","regelt","","id-c541c4ceee5eead4e352c9c641418454","id-2598c7872c8ee403b0a552d6c3f678fb",""
"id-4a8fc23b5bfd93d574a540e3d35fa57e","AssociationRelationship","regisseert bouw van","","id-aaf34fa7c78da784d7e580fdc50b2a10","id-c787effa7ba34101840a6a97bcceaf8a",""
"id-7c14ad04c73acfdd1d66d34f88dd6231","AssociationRelationship","samengesteld op basis van","","id-c30e05485c72ec3386f686e4962fe1cc","id-ac37226839189355b49ee4cf4ea539b6",""
"id-d8dccf8f465c492704db39982b4ed910","AssociationRelationship","staat op","","id-c787effa7ba34101840a6a97bcceaf8a","id-d7f7fa06d5f4cae1bf6e570a52182704",""
"id-d8b244513324f3a92a7b43bee5439e6b","AssociationRelationship","stelt eisen aan","","id-539651cfca920a4f89a34c899f5bfed2","id-c787effa7ba34101840a6a97bcceaf8a",""
"id-6fae9f89728d399c9e18ca0f16899b96","AssociationRelationship","stelt eisen aan","","id-3bdaf239ff39360516fcdad0c4d77aea","id-c787effa7ba34101840a6a97bcceaf8a",""
"id-6c7abd31138401c04bcc6ba28dd3b988","AssociationRelationship","stelt in","","id-aa67e2e5b56dd455488d6db14bfc086e","id-0eb6b0c2f68b26f6febce154c65e133c",""
"id-d0722ffe0b684340a915655deca6a767","AssociationRelationship","stelt in","","id-fe1b2577e4ea2ad0728bcc8e6d825a52","id-19280d21fec20d8c7b2aa15bbfaa6add",""
"id-374f2186c079022fd124f234067b3be7","AssociationRelationship","stelt in","","id-aa67e2e5b56dd455488d6db14bfc086e","id-0277cac6bda66f496a3c52d8c656af73",""
"id-b3ad4fcdff275306c913e9d8e82a2309","AssociationRelationship","stelt inrichtingseisen aan","","id-f76c63e8f832318ee7247a27bc850be9","id-c787effa7ba34101840a6a97bcceaf8a",""
"id-3494f21a6a0967103a1db29dcb2206a3","AssociationRelationship","stelt op","","id-aa67e2e5b56dd455488d6db14bfc086e","id-293698296aa702c3e9e07c27713efd1c",""
"id-40855b41fbd1feca19bf6b046bd5aef9","AssociationRelationship","stelt op","","id-fe1b2577e4ea2ad0728bcc8e6d825a52","id-011520e22598e60066fc5b0d74561a58",""
"id-0de5e1be46200c694db9dd5fc30ec98f","AssociationRelationship","stelt op","","id-fe1b2577e4ea2ad0728bcc8e6d825a52","id-dbe6dbf16cd5a897f04c1fd8680b59c4",""
"id-c96a9897b23ee266440a394107ebc186","AssociationRelationship","stelt op","","id-aa67e2e5b56dd455488d6db14bfc086e","id-edd8952e22b285cb01503d071389e9f5",""
"id-49c8417b51645a58c427bc9870a151b2","AssociationRelationship","stelt op","","id-aa67e2e5b56dd455488d6db14bfc086e","id-bcaf42951d75db117bc4df86be57dc06",""
"id-80cc809a3530bc004bb84ba01a488e7f","AssociationRelationship","stelt op","","id-fe1b2577e4ea2ad0728bcc8e6d825a52","id-576c31d48739fba85d7bd7344cd9ad0a",""
"id-a50338e6bdbb6c12e45af6478f2af168","AssociationRelationship","stelt op","","id-aa67e2e5b56dd455488d6db14bfc086e","id-7019adef01c556670c803b9076d24afe",""
"id-5ad36491eddd7b35b0e93c933bf6beaa","AssociationRelationship","stelt op","","id-fe8dc5ac4a2ada1a90c871db729841bc","id-bb834a794ea44cf89c2895e7a7112657",""
"id-a77c39ffc04f46b8833f2cb8e060465f","AssociationRelationship","stelt op","","id-aa67e2e5b56dd455488d6db14bfc086e","id-eeb636f459d1e46db9454b0f1831bf58",""
"id-011f1d3851f85afd2a4d1c5aa5a12d6f","AssociationRelationship","stelt op","","id-aa67e2e5b56dd455488d6db14bfc086e","id-f108818f91a0f639ce7cd950345aafe5",""
"id-4ee11ee35e688aa2aa5d7fe5f767df6f","AssociationRelationship","stelt op","","id-aa67e2e5b56dd455488d6db14bfc086e","id-576c31d48739fba85d7bd7344cd9ad0a",""
"id-3edb1592a4dbcd0e07eeeaf088475f1d","AssociationRelationship","stelt op","","id-fe1b2577e4ea2ad0728bcc8e6d825a52","id-f5507a0947858be616831202e8e9e824",""
"id-6606875026827b83781c8fd2c0ee71ff","AssociationRelationship","stelt regels aan","","id-c855062d494f14eca1ec57d0a93e4ede","id-855e720f61ec12102f8b758654837fc1",""
"id-0cd3ea170061d2fdcfcb3d41bba8349e","AssociationRelationship","stelt regels aan","","id-c855062d494f14eca1ec57d0a93e4ede","id-983d5555081d0d8aaef4af60894e7d82",""
"id-dabb8984f611721a2e69e1bef594b2eb","AssociationRelationship","stelt vast","","id-fe1b2577e4ea2ad0728bcc8e6d825a52","id-7019adef01c556670c803b9076d24afe",""
"id-1d5a258461623b4bdb2c8c401a656081","AssociationRelationship","stelt vast","","id-fe1b2577e4ea2ad0728bcc8e6d825a52","id-edd8952e22b285cb01503d071389e9f5",""
"id-b4aebcc5d094d0a2bd2ea81c5d318e44","AssociationRelationship","toont","","id-4dc68f98ce2e1c97402da46264ae2ddf","id-83271c0b89066b911be92aaaa453f8f2",""
"id-19887dcccca50a7b65d4b808751180c7","AssociationRelationship","uitgereikt bij","","id-b26a8c64891185238533e3b131df0ac4","id-9f1c2d8ed65f65a00de0973a64ef657b",""
"id-d0e930fef97f1eebeac16fd780b4524c","AssociationRelationship","van","","id-b08216d5809ce6dc5d1e88b1932df437","id-e6399981fbf8017d99694d29697650d5",""
"id-18242c8424dc14d343fa1b7498d8ee28","AssociationRelationship","van betekenis voor","","id-3fcdd8d828aff05b85de1aed0bce4dd9","id-26118fde5267c80fb87e5ac84212c2c9",""
"id-c4a8223d86c6de17c3b7807fdb7f99ae","AssociationRelationship","vastgelegd in","","id-2e5b0e9bb32d1573658ad8e87361c782","id-ac37226839189355b49ee4cf4ea539b6",""
"id-876aff03a5c492b1acb88e3507f60fd7","AssociationRelationship","vastgelegd in","","id-610ab58f39cb2198f3b1b7b0b96e877f","id-ac37226839189355b49ee4cf4ea539b6",""
"id-820805d9ea6af05126f26caa04c8e7ea","AssociationRelationship","vastgelegd in","","id-fe61a86bf8b190686b74a3529057997f","id-ac37226839189355b49ee4cf4ea539b6",""
"id-57d8d544691ff09ebf26cf38cff5d7fb","AssociationRelationship","verantwoordelijk voor","","id-145e65ec86e7dc66ddfb2704b60e154d","id-02fbda5e4bdefb727fbea2546c429fa1",""
"id-af0e49b9f0eca30163b646dbc222fdaf","AssociationRelationship","vereist (vanuit po)","","id-faabaa8b0fdd335dd7633643786fe538","id-c30e05485c72ec3386f686e4962fe1cc",""
"id-a2050b04da831a097321ed7214968ce2","AssociationRelationship","vertegenwoordigd in","","id-0277cac6bda66f496a3c52d8c656af73","id-19280d21fec20d8c7b2aa15bbfaa6add",""
"id-a04d50c7ea071ef5fab8f78dff052252","AssociationRelationship","volgt","","id-02fbda5e4bdefb727fbea2546c429fa1","id-43d5890b61cd143ec0c68545201dafaf",""
"id-f53370499ecf55ed86c37ab86859adc1","AssociationRelationship","volgt","","id-02fbda5e4bdefb727fbea2546c429fa1","id-21ca90c4d1f5f7e9f9b6b1d1c12b7ed4",""
"id-9ed73be95c3076b7ea1335d9069e21e2","AssociationRelationship","voor afronding van","","id-43d5890b61cd143ec0c68545201dafaf","id-bf2fe8a90d804b594eda9ac634ac1b70",""
"id-e056e6809150b1a412598c00ce6ab050","AssociationRelationship","vormt","","id-b2df83979b0b941e2612d73ca5cf302a","id-bf2fe8a90d804b594eda9ac634ac1b70",""
"id-9585360edec0b7351046a7da8c4b429a","AssociationRelationship","vult in","","id-5654c774c339b1dce84e678b0afdf598","id-e97b33d0490a491fd8468e53da37ee4a",""
"id-cd4fa6286a304310b05e609b69729fd1","AssociationRelationship","wordt erkend als","","id-f6653fbbd02245a9a480398b749ffc28","id-2776da01538e416f85c8cd7c90d00c7e",""
"id-a48aca85bbb348dfaeb375383c56d741","AssociationRelationship","wordt erkend als","","id-8f4a8c48712143bcb45e77e262d9784a","id-ac26e1a336724cf5a9e966c1776e75ef",""
"id-bd3fe69ce0654dfea0453f98e1e6ea51","AssociationRelationship","wordt erkend als","","id-8cd68c03ab5d4b2582df64b7ff5dd5a0","id-aa63d427154447698bb6caae7ccb529a",""
"id-8702e3f5dcf7e9b1586d86ad874afca6","AssociationRelationship","wordt gebruikt voor toezicht op","","id-cf92fcf8346ccb7098fc4d6ac23bf7e3","id-aa67e2e5b56dd455488d6db14bfc086e",""
"id-3238cf24f026b26de341ea74d982a4a1","AssociationRelationship","wordt gebruikt voor toezicht op","","id-cf92fcf8346ccb7098fc4d6ac23bf7e3","id-fe1b2577e4ea2ad0728bcc8e6d825a52",""
"id-e73f36369d754ffaec0c1e09b5eb9baf","AssociationRelationship","wordt ingepland in","","id-e97b33d0490a491fd8468e53da37ee4a","id-838e455e786705d99a13d8d477150929",""
"id-88d10818fe47460f60c226020447475b","AssociationRelationship","wordt vastgelegd in","","id-7146404a4b7866dafaf6de0f3e7e7c86","id-ac37226839189355b49ee4cf4ea539b6",""
"id-a01a0fe982e7169df0633f87a418e224","CompositionRelationship","","","id-d7f7fa06d5f4cae1bf6e570a52182704","id-eba464f3fa5348892968ef2fbe6b75fa",""
"id-0860ce2376d446bfdd5590d602c55799","CompositionRelationship","","","id-3ad28ccc5ee3c5e5b640fd5f642f7e9d","id-d6e6cf365f51a76d79605a4916efaa91",""
"id-33f8da9e49dcbb7690a050728bcf561d","CompositionRelationship","","","id-aa67e2e5b56dd455488d6db14bfc086e","id-fa1e486f2dca58320b33fd05088d4c22",""
"id-64cdd9f6b1532963cc4b82bc173ea17d","FlowRelationship","","Samenwerking CvtE en CITO","id-d45ad2785ce309a8a5bccab9dfee007a","id-2110e52c66b3f0165b2ca9b6202741cc",""
"id-7f82d647a8cd4948d7c47b7fd0a29329","FlowRelationship","","communicatie naar (potentiéle) leerlingen/studenten","id-dce12943b414197c59b69ef01644c447","id-b8b81b18212ddd02afecfe10c2b1f773",""
"id-230c489c7c97c4560c193ab5bba01b56","FlowRelationship","","inspectiebeleid voor school","id-33a7ec7daae142828c597eb68d55fef5","id-dce12943b414197c59b69ef01644c447",""
"id-d5a1bdf91d69e058a148f604b7d225a1","FlowRelationship","","beleid voor samenwerkingsverbanden passend onderwijs","id-584ebf14c9049c775936aefec6dc655c","id-ef98c02f9711c66e2f17171745adab88",""
"id-5161fed59dd9c199c1967a88a49f323a","FlowRelationship","","gegevensuitwisseling in de zorgketen","id-ef98c02f9711c66e2f17171745adab88","id-130c8fd3954afe9aec757fccb8439afd",""
"id-635513bc250f3094efba4adc5e9c4b75","FlowRelationship","","selectie van toetsmateriaal t.b.v. de school / opleiding","id-dce12943b414197c59b69ef01644c447","id-c9ac65fd637949e62c19f0350f4387f4",""
"id-bfe4f731cf9ae8aee43e5c56ab5ab79f","FlowRelationship","","","id-9ce4ed39df39d31233c9e2b75416d92f","id-6e1b77f377949a45f46e8d618b0bebe0",""
"id-e0be77df8422de06a834519cef8a67cd","FlowRelationship","","gebruik van CITO gegevens door SLO","id-d45ad2785ce309a8a5bccab9dfee007a","id-5018c2e632e276107d40d5180f65d7fb",""
"id-52dadfa549ed3abbe07ba00365b71532","FlowRelationship","","gebruik van nieuwste wetenschappelijke kennis voor ontwikkelen lesmateriaal","id-e57706017bf404e5b2e85d9fbd61b3c3","id-5143619ad1d78182bb11905d91133d41",""
"id-c8f170474d352def5159c334fd43f45b","FlowRelationship","","gegevens t.b.v. systeem/software gebruik e.d. (IM, FB, eigenaar, etc.)","id-dce12943b414197c59b69ef01644c447","id-1974e1d55a4b79fe545c5bac251303c0",""
"id-b31005714510cca2f52887791b374c99","FlowRelationship","","data beschikbaar gesteld door DUO","id-1798418407d773b8ccad68b10593f299","id-282647da540aa35fc56f911ad73b0618",""
"id-b7e7eac659633196ddfec7cf2f4e8011","FlowRelationship","","gegevensuitwisseling met gemeenten t.b.v. kinderdagverblijven","id-2c9515cc27b21c8c9d19e7d28735d8be","id-a44eaf311e0d73501a14ee9d560f6362",""
"id-2070ffc7c9cabc447fec3149480e628d","FlowRelationship","","inkoop van toetsmateriaal","id-dce12943b414197c59b69ef01644c447","id-c9ac65fd637949e62c19f0350f4387f4",""
"id-3350d80e383b1f017a0bab8454b7b900","FlowRelationship","","leerling gegevens t.b.v.(digitale) toetsen","id-dce12943b414197c59b69ef01644c447","id-d45ad2785ce309a8a5bccab9dfee007a",""
"id-ca5d7643b2a15c85e8360a79aa0a54a3","FlowRelationship","","Ict-samenwerking met DUO en bekostiging","id-33a7ec7daae142828c597eb68d55fef5","id-1798418407d773b8ccad68b10593f299",""
"id-5d0fdbc1b465d9c13557ef675a3d88d7","FlowRelationship","","gegevensuitwisseling tussen leerling en ouder/voogd","id-b8b81b18212ddd02afecfe10c2b1f773","id-9f6e7f2ecff830bbf7d7c60692b6e802",""
"id-14d0f0edaa46545b6d24edcd889f29c9","FlowRelationship","","gegevensuitwisseling in de zorgketen","id-130c8fd3954afe9aec757fccb8439afd","id-ef98c02f9711c66e2f17171745adab88",""
"id-81138649c201e1987a9da1667d90e76d","FlowRelationship","","financiering SLO","id-584ebf14c9049c775936aefec6dc655c","id-5018c2e632e276107d40d5180f65d7fb",""
"id-1917cd9d3b393620410763f3bd7c0ee8","FlowRelationship","","gegevens voor de OR","id-dce12943b414197c59b69ef01644c447","id-f5dad48e451968467c7ba01d232309ca",""
"id-b2335d432282ab0fdeda1ba5749bb31c","FlowRelationship","","samenwerking met lerarenopleiding t.b.v.. stages van studenten","id-dce12943b414197c59b69ef01644c447","id-32bea6cfaa1276178226d49f143b91ba",""
"id-2f5ced8a1ae61d2b8f25c27783b8db69","FlowRelationship","","afhankelijk van school organisatie, b.v. sleutels van kluisjes, leerlingen passen, passen voor automaten, kosten voor kantine, etc.","id-dce12943b414197c59b69ef01644c447","id-b8b81b18212ddd02afecfe10c2b1f773",""
"id-0a8a0e5fc1051092fdd2fe9d5dcaf1cb","FlowRelationship","","gegevens ondersteunend personeel","id-dce12943b414197c59b69ef01644c447","id-bb25b08d53338a7c5cffa9614de392d3",""
"id-5ee0b1ec66bfe1444d0bb58641c15561","FlowRelationship","","formeren van een raad van toezicht","id-dce12943b414197c59b69ef01644c447","id-c26e841c5d3ae3ddd24dfb6d3703c0ce",""
"id-d5257d6b3a0b621a103239b9a074aa98","FlowRelationship","","gebruik van adviezen van de onderwijsraad","id-c6e9baa53cb6bfa2999ec03bba44292d","id-584ebf14c9049c775936aefec6dc655c",""
"id-255af1d3713effb0be03822a189bfd00","FlowRelationship","","informatie over het onderwijs","id-8661905a8d8c0e6ae12e9fef06dbb397","id-dce12943b414197c59b69ef01644c447",""
"id-0c86dd7fd96e9718dfb8b31900a73b5e","FlowRelationship","","interne regelgeving voor de docenten en medewerkers","id-dce12943b414197c59b69ef01644c447","id-67f020fef880e9de4e2bf844fa2a6da3",""
"id-a88b0c4ed17ca79d46380bacc20c8e0f","FlowRelationship","","gegevens t.b.v. dienstverlening (fin, hrm, fac, etc.)","id-dce12943b414197c59b69ef01644c447","id-0015477230f7e94f95ad945dce472c42",""
"id-a2e624654dbbf649663a19a4f9daf1b7","FlowRelationship","","gegevens t.b.v. pensioen en sociale verzekeringen","id-0015477230f7e94f95ad945dce472c42","id-63ebb487d6747d20b913e23e88ddc5e2",""
"id-0de6ac0a83d3642003fb830e3395adce","FlowRelationship","","samenwerking met de zorg keten","id-dce12943b414197c59b69ef01644c447","id-130c8fd3954afe9aec757fccb8439afd",""
"id-d11188995c5c0a83871037e473a9c542","FlowRelationship","","gegevensoverdracht DUO aan raden t.b.v. Vensters, scholen op de kaart e.d.","id-1798418407d773b8ccad68b10593f299","id-d776f26f0c64c0ba874469f4eda60c13",""
"id-036a36e11bff6966237b459f42a7db96","FlowRelationship","","gegevens ondersteunend personeel","id-dce12943b414197c59b69ef01644c447","id-67f020fef880e9de4e2bf844fa2a6da3",""
"id-ec15c22c307a4b1354ec2248a05d0902","FlowRelationship","","publicatie van personeel op de website","id-dce12943b414197c59b69ef01644c447","id-282647da540aa35fc56f911ad73b0618",""
"id-aab946c6feece3962747333270fbc50b","FlowRelationship","","samenwerking met huiswerkbegeleidingsbureau
Leerlinggegevens","id-dce12943b414197c59b69ef01644c447","id-755298671917305bb68d8860b733f006",""
"id-40018ed7e77694eb07cdfd03a1669d73","FlowRelationship","","gegevensleveranties aan raden plus beleid","id-1798418407d773b8ccad68b10593f299","id-d776f26f0c64c0ba874469f4eda60c13",""
"id-48acfa04618ea83ff75e4b7aa74a4af1","FlowRelationship","","data leveranties school aan inspectie","id-dce12943b414197c59b69ef01644c447","id-33a7ec7daae142828c597eb68d55fef5",""
"id-5c4b9ba43a6cc2a32438f550387dc05e","FlowRelationship","","marketing en PR direct naar ouders /voogd toe","id-dce12943b414197c59b69ef01644c447","id-9f6e7f2ecff830bbf7d7c60692b6e802",""
"id-97be9704bf552bc7551ca41dd536b557","FlowRelationship","","aansturing DUO door OCW","id-584ebf14c9049c775936aefec6dc655c","id-1798418407d773b8ccad68b10593f299",""
"id-63b1092a4b0cdbc7ea21c8afee6248ff","FlowRelationship","","gegevensuitwisseling met vakbonden","id-dce12943b414197c59b69ef01644c447","id-fda9cae2798fe84e93bc43ee6c2aac7e",""
"id-45df328986d7f8e87f341b3d4ba0ee5a","FlowRelationship","","richtlijnen voor afnemen toets voor de school","id-c9ac65fd637949e62c19f0350f4387f4","id-dce12943b414197c59b69ef01644c447",""
"id-9fdfc027263b915c6e6891db6528debb","FlowRelationship","","bedrijfskundige kant van samenwerking met lerarenopleidingen (stage studenten en bijscholing docenten)","id-dce12943b414197c59b69ef01644c447","id-32bea6cfaa1276178226d49f143b91ba",""
"id-82d0f217d4aaba7990202c7f11c86a0e","FlowRelationship","","overstap naar andere school
Leerlinggegevens","id-dce12943b414197c59b69ef01644c447","id-95b8467eba8eeaa35b7503013e44a1da",""
"id-9495f3fceb5733841c9b3894863310e1","FlowRelationship","","samenwerking met branche organisaties","id-dce12943b414197c59b69ef01644c447","id-f2240bffaca5557bfc709fa9aff4854d",""
"id-ed568d9e0a041799df8248fbac11bed2","FlowRelationship","","gegevensuitwisseling t.b.v. samenwerking met lerarenopleiding","id-32bea6cfaa1276178226d49f143b91ba","id-dce12943b414197c59b69ef01644c447",""
"id-b2db56b5ebd8ed2a86ff0c40693055d6","FlowRelationship","","bedrijfsmatige dienstverlening en de financiering daarvan","id-0015477230f7e94f95ad945dce472c42","id-dce12943b414197c59b69ef01644c447",""
"id-a9d21eb3515ec73b4a7418b56ce4c46e","FlowRelationship","","uitwisseling gegevens met kinderdagverblijven (en gemeente)","id-dce12943b414197c59b69ef01644c447","id-2c9515cc27b21c8c9d19e7d28735d8be",""
"id-f761fa70a29b78b8688e6937aa060c57","FlowRelationship","","inkoop van diverse goederen","id-dce12943b414197c59b69ef01644c447","id-279340e10721c9599d515f6809a5d930",""
"id-9110a198eb31aa17fe17531db42e7f92","FlowRelationship","","leerling gegevens t.b.v. toegang/single sign in","id-dce12943b414197c59b69ef01644c447","id-bb25b08d53338a7c5cffa9614de392d3",""
"id-f68b1a07b8460a6061266a59a39de10d","FlowRelationship","","Richtlijnen voor gebruik van DUO-voorzieningen door ict-leveranciers","id-1798418407d773b8ccad68b10593f299","id-901ccbcad586bfeb9c6bbd237286eaaf",""
"id-e4481c8043e40d6f0bc13edf19ef986a","FlowRelationship","","aanmelden bij pensioenfonds","id-dce12943b414197c59b69ef01644c447","id-63ebb487d6747d20b913e23e88ddc5e2",""
"id-20f145e878fde9ffcc632f707a9296b5","FlowRelationship","","uitwisseling leerling gegevens met samenwerkingsverbanden passend onderwijs","id-dce12943b414197c59b69ef01644c447","id-ef98c02f9711c66e2f17171745adab88",""
"id-53016244dae8a1b54d3815e23977c1a0","FlowRelationship","","gegevens voor samenwerking in de zorg keten","id-dce12943b414197c59b69ef01644c447","id-130c8fd3954afe9aec757fccb8439afd",""
"id-5fefe8b5266674df7f21a7da0482f2ed","FlowRelationship","","organiseren van bedrijfsvoering","id-0015477230f7e94f95ad945dce472c42","id-dce12943b414197c59b69ef01644c447",""
"id-3bd6c8debf47e0ee856a480d5891d191","FlowRelationship","","alle bestuurlijke gegevens tussen het samenwerkingsverband passend onderwijs en de school, sterk afhankelijk van de gekozen werkvorm voor het samenwerkingsverband","id-ef98c02f9711c66e2f17171745adab88","id-dce12943b414197c59b69ef01644c447",""
"id-ef04ff5db35a9a3910160ce8fcfe6bd0","FlowRelationship","","gebruik van toetsen","id-c9ac65fd637949e62c19f0350f4387f4","id-dce12943b414197c59b69ef01644c447",""
"id-e3e00fde76550e51156f0d5a229726ce","FlowRelationship","","financiële rapportages aan de inspectie","id-dce12943b414197c59b69ef01644c447","id-33a7ec7daae142828c597eb68d55fef5",""
"id-ed76e65e454d6c4697957e2cd79ae301","FlowRelationship","","samenwerking met kinderdagverblijven c.q. integratie met kinderdagverblijf (IKC)","id-dce12943b414197c59b69ef01644c447","id-2c9515cc27b21c8c9d19e7d28735d8be",""
"id-e470c6389b92a86403417f636905bca6","FlowRelationship","","interne regelgeving voor de docenten en medewerkers","id-dce12943b414197c59b69ef01644c447","id-26dbb885b01bb54d3e6f5d0297aa568b",""
"id-65e9ac5ea5e9b004d2e7fb4dfd3754ce","FlowRelationship","","identiteit en authenticatie  voor toegang tot digitale voorzieningen, ook wet op de nummervoorziening","id-bb25b08d53338a7c5cffa9614de392d3","id-dce12943b414197c59b69ef01644c447",""
"id-d3bada4bdf43bbd252496ab7215e522c","FlowRelationship","","toegang tot (digitaal) lesmateriaal","id-ce200b8a26a1091ab3681ff1bf5566ba","id-bb25b08d53338a7c5cffa9614de392d3",""
"id-d3a5b4bddcb80a33195e33f36ce9253e","FlowRelationship","","instellinggegevens en schoolbeleid voor de zorgketen","id-dce12943b414197c59b69ef01644c447","id-130c8fd3954afe9aec757fccb8439afd",""
"id-5e92ebdd585e4918aa54d38911ac6eac","FlowRelationship","","gegevensuitwisseling t.b.v. samenwerking met lerarenopleiding","id-dce12943b414197c59b69ef01644c447","id-32bea6cfaa1276178226d49f143b91ba",""
"id-11fc78de3599fe724242cbd8f05cc63d","FlowRelationship","","communicatie met (potentiële) leerling","id-dce12943b414197c59b69ef01644c447","id-b8b81b18212ddd02afecfe10c2b1f773",""
"id-5a4192b5068bbb18d5ddc96eeb2d5f9b","FlowRelationship","","wetenschappelijke informatie over onderwijs","id-e57706017bf404e5b2e85d9fbd61b3c3","id-dce12943b414197c59b69ef01644c447",""
"id-a02b539db69e8bfa4bca3257750d5b63","FlowRelationship","","bekostiging van de school en gegevensuitwisseling daar omheen","id-1798418407d773b8ccad68b10593f299","id-dce12943b414197c59b69ef01644c447",""
"id-76e4fd1c8622d046a115b48305df8ca2","FlowRelationship","","samenwerking tussen educatieve contentontwikkelaars, uitgevers en distributeurs","id-ce200b8a26a1091ab3681ff1bf5566ba","id-4eee299cb31ca824b19ec4b980289bdb",""
"id-22269508905d0312c6829ec7823dbbf1","FlowRelationship","","aanmelding bij KvK","id-dce12943b414197c59b69ef01644c447","id-9edbecb23b82123ac753fb6919f7a159",""
"id-02f1cd8f178d9c0a64a39e16fb8b5e1f","FlowRelationship","","alle relaties met gemeenten","id-a44eaf311e0d73501a14ee9d560f6362","id-dce12943b414197c59b69ef01644c447",""
"id-96adf24ac77afde947dc712ba6f4b163","FlowRelationship","","afstemming ondersteuningsplan met B&W","id-ef98c02f9711c66e2f17171745adab88","id-a44eaf311e0d73501a14ee9d560f6362",""
"id-4b4e7f127385da945e6f91520be86617","FlowRelationship","","organisatie en financiering zorg","id-a44eaf311e0d73501a14ee9d560f6362","id-130c8fd3954afe9aec757fccb8439afd",""
"id-7d0f8911060cbb08e823a0f69aa72466","FlowRelationship","","aanmelden bij samenwerkingsverband(en) passend onderwijs","id-dce12943b414197c59b69ef01644c447","id-ef98c02f9711c66e2f17171745adab88",""
"id-2c67a01c7521925dfa4089da328ec81e","FlowRelationship","","gegevens t.b.v. pensioenfonds","id-dce12943b414197c59b69ef01644c447","id-63ebb487d6747d20b913e23e88ddc5e2",""
"id-e294ad4aaf9fe6395b413dbb204319b3","FlowRelationship","","Publicatie en PR van onderwijs, werven van personeel","id-dce12943b414197c59b69ef01644c447","id-282647da540aa35fc56f911ad73b0618",""
"id-8a41f5cb79b2f5889bce16978fba35a7","FlowRelationship","","gegevens t.b.v. dienstverleners","id-dce12943b414197c59b69ef01644c447","id-0015477230f7e94f95ad945dce472c42",""
"id-c8407c9256cdd3855be5d2a444158125","FlowRelationship","","communicatie met leerplichtambtenaar","id-dce12943b414197c59b69ef01644c447","id-23baa8f932d79e30aacafd4999a6bfa3",""
"id-9e7ebc37cbb8b9728d32cb547bbfff55","FlowRelationship","","samenwerking tussen educatieve contentontwikkelaars, uitgevers en distributeurs","id-5143619ad1d78182bb11905d91133d41","id-ce200b8a26a1091ab3681ff1bf5566ba",""
"id-22ec42af0c109b98a64e2ed58ac2913d","FlowRelationship","","","id-576cc4197d2840a7924445f9152c3faf","id-6e1b77f377949a45f46e8d618b0bebe0",""
"id-5271400b59f5d9465f7d441be7c48128","FlowRelationship","","ministeriële goedkeuring voor school / opleiding","id-584ebf14c9049c775936aefec6dc655c","id-1798418407d773b8ccad68b10593f299",""
"id-5346b48c3f1ee46b8c396797dd0729b8","FlowRelationship","","gegevensuitwisseling t.b.v. stage en na-/bijscholing","id-dce12943b414197c59b69ef01644c447","id-32bea6cfaa1276178226d49f143b91ba",""
"id-fcdbc8fc2e670aa785638947ec56be0c","FlowRelationship","","Advies aan startende scholen / opleidingen","id-0d50b5e59c50c427464d650baea2abfe","id-dce12943b414197c59b69ef01644c447",""
"id-79e3caba88f81f97e60ac4495ce7fb36","FlowRelationship","","marketing en PR","id-dce12943b414197c59b69ef01644c447","id-d4809764370f9bf543ed5583147762b6",""
"id-55e79281cda3a0e522c7781f3cf6c65f","FlowRelationship","","jaarlijkse accountantscontrole","id-01b80521844b4b972bda8e1441bad429","id-dce12943b414197c59b69ef01644c447",""
"id-1cc4ef5a0b747e5040a242d1e249b5d7","FlowRelationship","","Selectie van ict-inrichting van de school / opleiding","id-dce12943b414197c59b69ef01644c447","id-901ccbcad586bfeb9c6bbd237286eaaf",""
"id-192ef5d37a32ad2294cef24243290ee6","FlowRelationship","","regelen van publicatie kanalen","id-d776f26f0c64c0ba874469f4eda60c13","id-282647da540aa35fc56f911ad73b0618",""
"id-70e3b944c01020b50f7d86ea9ce17c56","FlowRelationship","","belasting afdrachten via administratiekantoor","id-01b80521844b4b972bda8e1441bad429","id-38aef2328cdc1e0ed361b18a3f9aca08",""
"id-096141d30c6735c9871ca4a93ab61bab","FlowRelationship","","informatiebron voor schoolbestuurders","id-dce12943b414197c59b69ef01644c447","id-3f792b732e87df35f7f2f8915a8b5abb",""
"id-f01b9cca45a62cc93f5d43f45f8b5d01","FlowRelationship","","richtlijnen voor beschikbaar stellen van lesmateriaal in ECK keten","id-ce200b8a26a1091ab3681ff1bf5566ba","id-4eee299cb31ca824b19ec4b980289bdb",""
"id-331156f6910fc434bda6a0f91d8026bb","FlowRelationship","","gegevens voor leerlingen","id-dce12943b414197c59b69ef01644c447","id-b8b81b18212ddd02afecfe10c2b1f773",""
"id-25417de4ec28b1d251f09a822f5532de","FlowRelationship","","organisatie  leerlingenvervoer","id-023be7b22058fe582ce81b0e4ffa5f10","id-2c9515cc27b21c8c9d19e7d28735d8be",""
"id-3608781a84e1bf361e27f989fbd62c27","FlowRelationship","","gebruik van SLO gegevens door CITO","id-5018c2e632e276107d40d5180f65d7fb","id-d45ad2785ce309a8a5bccab9dfee007a",""
"id-79c70ec5a9d145e851f03aed1132ed27","FlowRelationship","","toegang tot (digitaal) lesmateriaal","id-4eee299cb31ca824b19ec4b980289bdb","id-dce12943b414197c59b69ef01644c447",""
"id-df94a20d0a3c56ba88384e92d7fff218","FlowRelationship","","eigen bijdrage school aan vensters / scholen op de kaart en eigen publicatiekanalen","id-dce12943b414197c59b69ef01644c447","id-282647da540aa35fc56f911ad73b0618",""
"id-f0dadeb8a4769a4013f060958515a1f3","FlowRelationship","","samenwerking van uitgevers met distributeurs","id-ce200b8a26a1091ab3681ff1bf5566ba","id-4eee299cb31ca824b19ec4b980289bdb",""
"id-0ec7393c334281e9865080d28233cd64","FlowRelationship","","alle gegevensuitwisseling ten behoeve van passend onderwijs
Ondersteuning","id-dce12943b414197c59b69ef01644c447","id-ef98c02f9711c66e2f17171745adab88",""
"id-fa29cf612fb2bdaac564c2b9e9c4eecb","FlowRelationship","","marketing gegevens naar student","id-d776f26f0c64c0ba874469f4eda60c13","id-b8b81b18212ddd02afecfe10c2b1f773",""
"id-d9fd1ed99d36cce2ecc9b4616e472675","FlowRelationship","","informeren van docenten
Leerlinggegevens","id-dce12943b414197c59b69ef01644c447","id-26dbb885b01bb54d3e6f5d0297aa568b",""
"id-5d61a51a661c390608c0fc3ccaec9495","FlowRelationship","","Extra financiën voor schoolactiviteiten e.d.","id-9f6e7f2ecff830bbf7d7c60692b6e802","id-dce12943b414197c59b69ef01644c447",""
"id-1676483c0e05f5c65edf79cdf837ac4f","FlowRelationship","","voor huiswerk begeleiding benodigde  informatie","id-dce12943b414197c59b69ef01644c447","id-755298671917305bb68d8860b733f006",""
"id-de441598d269894f40bce25336ee0e2d","FlowRelationship","","regels voor oprichting, administratie etc.","id-01b80521844b4b972bda8e1441bad429","id-dce12943b414197c59b69ef01644c447",""
"id-284ec960ea8052d13b06bc14b760c548","FlowRelationship","","gegevens publicaties van DUO","id-1798418407d773b8ccad68b10593f299","id-282647da540aa35fc56f911ad73b0618",""
"id-e2a69bfc8f6674994fde62bab187c60f","FlowRelationship","","samenwerking met lerarenopleiding t.b.v.. stages van studenten","id-32bea6cfaa1276178226d49f143b91ba","id-dce12943b414197c59b69ef01644c447",""
"id-ba1050bb0100ceacabcc0e7089b547c6","FlowRelationship","","gegevensuitwisseling met kinderdagverblijven c.q. in het kader van IKC's
Deelname","id-dce12943b414197c59b69ef01644c447","id-2c9515cc27b21c8c9d19e7d28735d8be",""
"id-194a097da62850b5aac18b7d459ea655","FlowRelationship","","richtlijnen voor gebruik ECK keten","id-ce200b8a26a1091ab3681ff1bf5566ba","id-dce12943b414197c59b69ef01644c447",""
"id-e3406c7027e96e10d8cad3d7c5911848","FlowRelationship","","gegevensuitwisseling t.b.v. leerplicht","id-dce12943b414197c59b69ef01644c447","id-23baa8f932d79e30aacafd4999a6bfa3",""
"id-f7606a0db817d0613f4037321202cbcc","FlowRelationship","","financiering passend onderwijs","id-1798418407d773b8ccad68b10593f299","id-ef98c02f9711c66e2f17171745adab88",""
"id-a92e26932d11d7f3c2293c579c25ebe2","FlowRelationship","","bekostiging van de school en gegevensuitwisseling daar omheen","id-dce12943b414197c59b69ef01644c447","id-1798418407d773b8ccad68b10593f299",""
"id-ba0dc8e71f31f03ed4af3c49e419bbfd","FlowRelationship","","aanvullende financiering kinderopvang","id-a44eaf311e0d73501a14ee9d560f6362","id-2c9515cc27b21c8c9d19e7d28735d8be",""
"id-cba483da0997ae5ea89621159ca7e923","FlowRelationship","","Inschrijving en ontwikkeling leerling","id-9f6e7f2ecff830bbf7d7c60692b6e802","id-dce12943b414197c59b69ef01644c447",""
"id-df589fea510aa2804b3d3a78259415e1","FlowRelationship","","informatie over ontwikkelingen in het bedrijfsleven, samenwerking met het bedrijfsleven","id-279340e10721c9599d515f6809a5d930","id-dce12943b414197c59b69ef01644c447",""
"id-68a4dbcc6a3ae4e715b6a91fe0003646","FlowRelationship","","samenwerking met het bedrijfsleven","id-dce12943b414197c59b69ef01644c447","id-279340e10721c9599d515f6809a5d930",""
"id-0a162cddc81cc206e24b643a46f638ff","FlowRelationship","","instellinggegevens voor DUO","id-dce12943b414197c59b69ef01644c447","id-1798418407d773b8ccad68b10593f299",""
"id-1fa92c3276843e41adde9b6ed1986884","FlowRelationship","","Toegang ict-middelen; Leerlinggegevens","id-dce12943b414197c59b69ef01644c447","id-901ccbcad586bfeb9c6bbd237286eaaf",""
"id-36b82ff5cd5d333ff63362665380945b","FlowRelationship","","benodigde gegevens voor toegang lesmateriaal","id-1974e1d55a4b79fe545c5bac251303c0","id-4eee299cb31ca824b19ec4b980289bdb",""
"id-1b6b092a7e2b6177a11c079f1e940dcd","FlowRelationship","","instellinggegevens voor Cito","id-dce12943b414197c59b69ef01644c447","id-d45ad2785ce309a8a5bccab9dfee007a",""
"id-9d6716a9f7eca1066befa01ddc0fb9d7","FlowRelationship","","leerling gegevens t.b.v. toegang/single sign in","id-dce12943b414197c59b69ef01644c447","id-90d87a8693f48ce7156cc4fef6da65cf",""
"id-a5a4f97cb00356dffe8acb64563e568c","FlowRelationship","","vergoeding aan de raad van toezicht","id-dce12943b414197c59b69ef01644c447","id-c26e841c5d3ae3ddd24dfb6d3703c0ce",""
"id-1993d62a8adb545e2f19826b82d96d3c","FlowRelationship","","beleid van leerplicht voor school","id-23baa8f932d79e30aacafd4999a6bfa3","id-dce12943b414197c59b69ef01644c447",""
"id-1745543c6576f4c6ac9a50bff0ebb13a","FlowRelationship","","DUO-beleid voor school","id-1798418407d773b8ccad68b10593f299","id-dce12943b414197c59b69ef01644c447",""
"id-e6ed4307ad5701d249b4efeb9c28adc7","FlowRelationship","","identiteit en authenticatie  voor toegang tot digitale voorzieningen, ook wet op de nummervoorziening","id-ce200b8a26a1091ab3681ff1bf5566ba","id-dce12943b414197c59b69ef01644c447",""
"id-6f7b75d82cecefacd022a72095a7d051","FlowRelationship","","identiteit en authenticatie  voor toegang tot digitale voorzieningen, ook wet op de nummervoorziening","id-90d87a8693f48ce7156cc4fef6da65cf","id-dce12943b414197c59b69ef01644c447",""
"id-369db45b31e066dce5298f18279548a5","FlowRelationship","","lidmaatschap medewerkers bij vakverenigingen","id-dce12943b414197c59b69ef01644c447","id-c16e48ab2ccac443d862399a46bc4e67",""
"id-a700a7134e1bebf91ada306f1556eccd","FlowRelationship","","mede besturing van de school door medezeggenschapsraad","id-b146acf28144d00a8e6f1e7088869604","id-dce12943b414197c59b69ef01644c447",""
"id-e4a51c986969e261a8c673a44e07e816","FlowRelationship","","Ict-samenwerking met DUO en bekostiging","id-1798418407d773b8ccad68b10593f299","id-33a7ec7daae142828c597eb68d55fef5",""
"id-751b75b8a9b9426e7c0c28b963d99b96","FlowRelationship","","selectie van onderwijs administratieve systemen","id-dce12943b414197c59b69ef01644c447","id-1974e1d55a4b79fe545c5bac251303c0",""
"id-edf7c44f77c112b4bf78f29b37bc65ca","FlowRelationship","","aanmelden school / opleiding bij DUO","id-dce12943b414197c59b69ef01644c447","id-1798418407d773b8ccad68b10593f299",""
"id-ffc761d083813eeaf64b3235c8585978","FlowRelationship","","onderwijs SW diensten","id-1974e1d55a4b79fe545c5bac251303c0","id-dce12943b414197c59b69ef01644c447",""
"id-9d0c9b2e8c8d29ffbf6191761feea4d6","FlowRelationship","","diverse dienstverlening externe partijen aan de school (fin, hrm, enz.)
Leerlinggegevens","id-dce12943b414197c59b69ef01644c447","id-da6aa2989090934a13c1d449ee2d7929",""
"id-775472c265443f9d6bf7ab2fbc4e6377","FlowRelationship","","PR via diverse kanalen","id-dce12943b414197c59b69ef01644c447","id-282647da540aa35fc56f911ad73b0618",""
"id-6b48331ea3a0c35725287d1b791deff1","FlowRelationship","","samenwerking met bedrijfsleven t.b.v. stages van leerlingen / studenten","id-dce12943b414197c59b69ef01644c447","id-279340e10721c9599d515f6809a5d930",""
"id-f9fa0f23bbbdfd726f6ee1b3a5aa7e7f","FlowRelationship","","lidmaatschap sectorraden en financiering en WWPlus","id-dce12943b414197c59b69ef01644c447","id-d776f26f0c64c0ba874469f4eda60c13",""
"id-0853203a2eb9a7eb5d1e98e08cac77d8","FlowRelationship","","samenwerking van uitgevers met contentontwikkelaars","id-ce200b8a26a1091ab3681ff1bf5566ba","id-5143619ad1d78182bb11905d91133d41",""
"id-e26a84524c03e3f64f049a69fd889ed3","FlowRelationship","","diverse adviesdiensten waaronder financiële","id-0d50b5e59c50c427464d650baea2abfe","id-dce12943b414197c59b69ef01644c447",""
"id-8df4cf06e0f0fa5ee993b610e701712d","FlowRelationship","","","id-9ce4ed39df39d31233c9e2b75416d92f","id-9ce4ed39df39d31233c9e2b75416d92f",""
"id-b86494dbc3584a293343126f0716eeea","FlowRelationship","","lidmaatschap beroepsorganisatie","id-dce12943b414197c59b69ef01644c447","id-7fff2bd6c267c748cef097bf2934ec8d",""
"id-cc0a8f6f06645487385222d05cecb8b7","FlowRelationship","","diverse toetsen","id-c9ac65fd637949e62c19f0350f4387f4","id-dce12943b414197c59b69ef01644c447",""
"id-e77dd34c02c2c4c61b30574a55d10034","FlowRelationship","","Dienstverlening ict op school","id-901ccbcad586bfeb9c6bbd237286eaaf","id-dce12943b414197c59b69ef01644c447",""
"id-7b692fd0fc57e9f6d7b878007759d03a","FlowRelationship","","subsidieregels voor bestuurlijke organisatie","id-1798418407d773b8ccad68b10593f299","id-3f792b732e87df35f7f2f8915a8b5abb",""
"id-2eccbc8ba767d5b542082de489118af1","FlowRelationship","","leerling gegevens t.b.v. DUO","id-dce12943b414197c59b69ef01644c447","id-1798418407d773b8ccad68b10593f299",""
"id-3253bca4f0d6a0449f655394afa2a6d0","FlowRelationship","","gegevensuitwisseling met gemeenten t.b.v. kinderdagverblijven","id-a44eaf311e0d73501a14ee9d560f6362","id-2c9515cc27b21c8c9d19e7d28735d8be",""
"id-2c5d98036f2261b6391f906db8929a4c","FlowRelationship","","aanmelden school / opleiding bij inspectie","id-dce12943b414197c59b69ef01644c447","id-33a7ec7daae142828c597eb68d55fef5",""
"id-9c0b10635a4255032de8f2dd73347331","FlowRelationship","","gebruik van administratiesystemen door externe dienstverleners","id-0015477230f7e94f95ad945dce472c42","id-1974e1d55a4b79fe545c5bac251303c0",""
"id-794dfe0734602ead3f813a7d3b1c14e4","FlowRelationship","","samenwerking met kinderdagverblijven / IKC","id-2c9515cc27b21c8c9d19e7d28735d8be","id-dce12943b414197c59b69ef01644c447",""
"id-d9f268d66fa5aeab8327317d7ad9f5ac","FlowRelationship","","gegevensuitwisseling DUO en inspectie","id-1798418407d773b8ccad68b10593f299","id-33a7ec7daae142828c597eb68d55fef5",""
"id-b8f3dd319726db1bb3fc87f3b8123031","FlowRelationship","","gebruik van onderwijs administraties (in de Cloud)
Leerlinggegevens","id-dce12943b414197c59b69ef01644c447","id-1974e1d55a4b79fe545c5bac251303c0",""
"id-2e97892b8cce3ac0e76ecb13c4380a9a","FlowRelationship","","gegevensleveranties aan DUO","id-dce12943b414197c59b69ef01644c447","id-1798418407d773b8ccad68b10593f299",""
"id-7e8c9090cc4158d8bd909ae59b5a4932","FlowRelationship","","overige subsidies OCW","id-584ebf14c9049c775936aefec6dc655c","id-8661905a8d8c0e6ae12e9fef06dbb397",""
"id-1082c0fc81ef7d0195a1c370552b0f5f","FlowRelationship","","gegevens t.b.v. (loon-)belasting","id-0015477230f7e94f95ad945dce472c42","id-38aef2328cdc1e0ed361b18a3f9aca08",""
"id-fe8c16f01ddc44037df30e7ba7b3f111","FlowRelationship","","gegevens t.b.v. systeem leveranciers","id-dce12943b414197c59b69ef01644c447","id-1974e1d55a4b79fe545c5bac251303c0",""
"id-d1712981048ac052c174966a316f7322","FlowRelationship","","informatie over het onderwijs","id-fdca9521fa68319206be63757a1c4252","id-dce12943b414197c59b69ef01644c447",""
"id-bb734fbef85a19c7e5bff31adeaf7559","FlowRelationship","","benodigde gegevens voor toegang lesmateriaal","id-ce200b8a26a1091ab3681ff1bf5566ba","id-4eee299cb31ca824b19ec4b980289bdb",""
"id-24396bd25b1fe40789049cfe2db597e7","FlowRelationship","","uitwisseling HRM gegevens met personeel","id-dce12943b414197c59b69ef01644c447","id-67f020fef880e9de4e2bf844fa2a6da3",""
"id-23020656b29ec68d48ed451cc1fb4430","FlowRelationship","","selectie van lesmateriaal voor de school/opleiding","id-dce12943b414197c59b69ef01644c447","id-4eee299cb31ca824b19ec4b980289bdb",""
"id-a567528bbdfb1c058a1a8b463921c137","FlowRelationship","","samenwerking met de zorg keten","id-130c8fd3954afe9aec757fccb8439afd","id-dce12943b414197c59b69ef01644c447",""
"id-b06ccf13232276d190ccd366acb60480","FlowRelationship","","gegevens voor ouders","id-dce12943b414197c59b69ef01644c447","id-9f6e7f2ecff830bbf7d7c60692b6e802",""
"id-2aa45a78f57ecd64af0c13c8983996f7","FlowRelationship","","aanmelden bij bureau leerplicht","id-dce12943b414197c59b69ef01644c447","id-23baa8f932d79e30aacafd4999a6bfa3",""
"id-b8ff07abed5b222df60d0a675e3313bc","FlowRelationship","","organisatie gemeentelijk bureau leerplicht","id-a44eaf311e0d73501a14ee9d560f6362","id-23baa8f932d79e30aacafd4999a6bfa3",""
"id-4087c9f23567560003cb000a6fbb54a9","FlowRelationship","","belasting afdrachten","id-dce12943b414197c59b69ef01644c447","id-38aef2328cdc1e0ed361b18a3f9aca08",""
"id-00938f43ccab0cc6aae18da589a45a82","FlowRelationship","","richtlijnen gebruik authenticatiediensten","id-90d87a8693f48ce7156cc4fef6da65cf","id-dce12943b414197c59b69ef01644c447",""
"id-e2897bdbe74d06abe04d1b6326af5710","FlowRelationship","","aansluiten bij (gemeentelijke) zorgketen","id-dce12943b414197c59b69ef01644c447","id-130c8fd3954afe9aec757fccb8439afd",""
"id-756c4e42dd05b37f360f974164be1ad8","FlowRelationship","","instellinggegevens en verantwoording naar sectorraden, b.v. voor scholen op de kaart","id-dce12943b414197c59b69ef01644c447","id-d776f26f0c64c0ba874469f4eda60c13",""
"id-8d8853e7cc4e5d28704cec4b941014a7","FlowRelationship","","gegevensuitwisseling met leerling/student","id-dce12943b414197c59b69ef01644c447","id-b8b81b18212ddd02afecfe10c2b1f773",""
"id-3a962e37ea8eb3b0bf7e448a3d245961","FlowRelationship","","contributies aan besturen organisaties","id-c26e841c5d3ae3ddd24dfb6d3703c0ce","id-3f792b732e87df35f7f2f8915a8b5abb",""
"id-90ba1ac1fbf75701c155030031d072fa","FlowRelationship","","gegevens t.b.v. inspectie","id-1798418407d773b8ccad68b10593f299","id-33a7ec7daae142828c597eb68d55fef5",""
"id-43915d65159f0133343cd73460d460cc","FlowRelationship","","Inschrijving en ontwikkeling leerling","id-b8b81b18212ddd02afecfe10c2b1f773","id-dce12943b414197c59b69ef01644c447",""
"id-6431acb08b9c55216079661ff052ed19","FlowRelationship","","Kanaal om lesmateriaal (digitaal en folio) beschikbaar te maken","id-4eee299cb31ca824b19ec4b980289bdb","id-dce12943b414197c59b69ef01644c447",""
"id-02f40e08dabe83190fc6c541315bf2f1","FlowRelationship","","","id-576cc4197d2840a7924445f9152c3faf","id-9ce4ed39df39d31233c9e2b75416d92f",""
"id-4ecfaab5ebaed43fb294d30ee6ccb0cf","FlowRelationship","","gegevens voor authenticatiediensten","id-dce12943b414197c59b69ef01644c447","id-bb25b08d53338a7c5cffa9614de392d3",""
"id-ce5275786f79be735ccb1bd5d7c61aad","FlowRelationship","","versturen van scholenplan van gemeente naar DUO (scholenplan -> ""plan van nieuwe scholen"")","id-a44eaf311e0d73501a14ee9d560f6362","id-1798418407d773b8ccad68b10593f299",""
"id-3d48b34159b06f6ae285aa0aecaf63f6","FlowRelationship","","verantwoording naar DUO","id-c26e841c5d3ae3ddd24dfb6d3703c0ce","id-1798418407d773b8ccad68b10593f299",""
"id-cc831f03df3f0acf140dad73193b160e","FlowRelationship","","subsidies aan sectorraden","id-1798418407d773b8ccad68b10593f299","id-d776f26f0c64c0ba874469f4eda60c13",""
"id-e4c80a6e857309ecb18a579c5d8a6bad","FlowRelationship","","gebruik van publieke kanalen door ouders/voogd","id-9f6e7f2ecff830bbf7d7c60692b6e802","id-282647da540aa35fc56f911ad73b0618",""
"id-04319a6dae8388e54fef1c90d146d80e","FlowRelationship","","alle marketing en PR naar media toe","id-dce12943b414197c59b69ef01644c447","id-d4809764370f9bf543ed5583147762b6",""
"id-5b6ad3e89f60c469d7f07673d9ffa89c","FlowRelationship","","gegevens van docent naar de school","id-dce12943b414197c59b69ef01644c447","id-26dbb885b01bb54d3e6f5d0297aa568b",""
"id-aeda60bcec60513821c0b99872e48efa","FlowRelationship","","informatiebron voor ontwikkelen onderwijs","id-dce12943b414197c59b69ef01644c447","id-c6e9baa53cb6bfa2999ec03bba44292d",""
"id-7b9410cfafa3b0252e3bfe4967d38242","FlowRelationship","","ondersteuning van raden van bestuurders","id-c26e841c5d3ae3ddd24dfb6d3703c0ce","id-3f792b732e87df35f7f2f8915a8b5abb",""
"id-c613761bd8152b461f34777492d2410f","FlowRelationship","","CAO, en ander beleid, voor school","id-fda9cae2798fe84e93bc43ee6c2aac7e","id-dce12943b414197c59b69ef01644c447",""
"id-c09f6a566aa9f8d90270cf8e607c77ad","FlowRelationship","","betalingen voor onderwijs SW diensten","id-dce12943b414197c59b69ef01644c447","id-1974e1d55a4b79fe545c5bac251303c0",""
"id-586653ebf3a94a026f4d105ae630d6d7","FlowRelationship","","voor onderwijs benodigde administraties","id-dce12943b414197c59b69ef01644c447","id-1974e1d55a4b79fe545c5bac251303c0",""
"id-cfdcf2a3c7503882662a206aff54c5f5","FlowRelationship","","gegevens t.b.v. authenticatie","id-dce12943b414197c59b69ef01644c447","id-90d87a8693f48ce7156cc4fef6da65cf",""
"id-ed388c66e0fa1e871498e4fd14df757a","FlowRelationship","","dataleveranties van DUO
Geagggregeerde leerlinggegevens","id-1798418407d773b8ccad68b10593f299","id-d776f26f0c64c0ba874469f4eda60c13",""
"id-70f189e2921da3d1cf6a0a110e166859","FlowRelationship","","administraties en lesmateriaal en deelnemer gegevens voor het ondersteunend personeel","id-dce12943b414197c59b69ef01644c447","id-67f020fef880e9de4e2bf844fa2a6da3",""
"id-532efad09a5c854214e1c021d154b8bd","FlowRelationship","","gegevens t.b.v. inspectie","id-dce12943b414197c59b69ef01644c447","id-33a7ec7daae142828c597eb68d55fef5",""
"id-503f1fb7a520fb0defcf849835e6d6d4","FlowRelationship","","instellinggegevens en schoolbeleid voor inspectie","id-dce12943b414197c59b69ef01644c447","id-33a7ec7daae142828c597eb68d55fef5",""
"id-195ee948ce980c2acb6324932d5b45eb","FlowRelationship","","communicatie naar (potentiéle) ouders van leerlingen/studenten","id-dce12943b414197c59b69ef01644c447","id-9f6e7f2ecff830bbf7d7c60692b6e802",""
"id-a49c1ad3d490293826f5848e73f47b03","FlowRelationship","","gegevensuitwisseling met ouders/voogd","id-dce12943b414197c59b69ef01644c447","id-9f6e7f2ecff830bbf7d7c60692b6e802",""
"id-5fd0a70e85d68ecd98a79dc358c21599","FlowRelationship","","gegevens voor de toetsleverancier","id-dce12943b414197c59b69ef01644c447","id-c9ac65fd637949e62c19f0350f4387f4",""
"id-cedfbcc2e96079078d5cf222a90d6110","FlowRelationship","","Samenwerking CvtE en CITO","id-d45ad2785ce309a8a5bccab9dfee007a","id-33a7ec7daae142828c597eb68d55fef5",""
"id-e9459ddb37f2920bf648e82c0525b271","FlowRelationship","","KvK regelgeving voor de school","id-9edbecb23b82123ac753fb6919f7a159","id-dce12943b414197c59b69ef01644c447",""
"id-3adce6b322639b312118904f1f483187","FlowRelationship","","richtlijnen voor beschikbaar stellen van lesmateriaal in ECK keten","id-c9ac65fd637949e62c19f0350f4387f4","id-4eee299cb31ca824b19ec4b980289bdb",""
"id-12a2c8b5f1c7329a870e90ff0a8318d5","FlowRelationship","","gegevensuitwisseling met samenwerkingsverbanden passend onderwijs","id-dce12943b414197c59b69ef01644c447","id-ef98c02f9711c66e2f17171745adab88",""
"id-e64c4a5703fb85fddc1590844817859b","FlowRelationship","","publicaties van SLO","id-5018c2e632e276107d40d5180f65d7fb","id-282647da540aa35fc56f911ad73b0618",""
"id-5ff851ea7148561d26ae28c5500b4dfa","FlowRelationship","","gegevens t.b.v. advies en consultancy","id-dce12943b414197c59b69ef01644c447","id-0d50b5e59c50c427464d650baea2abfe",""
"id-c891b36a62e439a84c41aabd03fd5b6a","FlowRelationship","","communicatie met de zorgketen","id-dce12943b414197c59b69ef01644c447","id-130c8fd3954afe9aec757fccb8439afd",""
"id-d14a9363ad77adddbfbb4ad261fa3d06","FlowRelationship","","samenwerking tussen educatieve contentontwikkelaars, uitgevers en distributeurs","id-4eee299cb31ca824b19ec4b980289bdb","id-ce200b8a26a1091ab3681ff1bf5566ba",""
"id-7ab8e314b4006c65c1c2aa5bd0313d56","FlowRelationship","","huisvestingsdiensten","id-279340e10721c9599d515f6809a5d930","id-dce12943b414197c59b69ef01644c447",""
"id-31b1c8f708467d51dfb2dbb1c25dd546","FlowRelationship","","aanmelding bij gemeente","id-dce12943b414197c59b69ef01644c447","id-a44eaf311e0d73501a14ee9d560f6362",""
"id-7c92c23142c5f5e9ec79af6979ff1580","FlowRelationship","","","id-6e1b77f377949a45f46e8d618b0bebe0","id-9ce4ed39df39d31233c9e2b75416d92f",""
"id-84e8a462bd266c446fdbeab56d88ad58","FlowRelationship","","uitwisseling verzuimgegevens tussen DUO en gemeente, inclusief verzuimloket","id-23baa8f932d79e30aacafd4999a6bfa3","id-1798418407d773b8ccad68b10593f299",""
"id-cff1fde31ba177c2043749a78dd1a2fb","FlowRelationship","","toegang tot (digitaal) lesmateriaal","id-ce200b8a26a1091ab3681ff1bf5566ba","id-dce12943b414197c59b69ef01644c447",""
"id-6ccde153aeeb66c5bd1ce2a999b31b20","FlowRelationship","","marketing gegevens naar ouders voogd","id-d776f26f0c64c0ba874469f4eda60c13","id-9f6e7f2ecff830bbf7d7c60692b6e802",""
"id-e85468dc07131db659dd92797f7f9122","FlowRelationship","","aanvraag fusie effect rapportage","id-dce12943b414197c59b69ef01644c447","id-3e6790bf6ee9d24bcd4f0191e6a97421",""
"id-5617c80fa62c96bace03078846c57805","FlowRelationship","","wetenschappelijke informatie over onderwijs","id-f25d021d10d267fbdec370cb17de0d16","id-dce12943b414197c59b69ef01644c447",""
"id-b0845bdd0ad31fed28ae172dd946e8ae","FlowRelationship","","extra aanschaffen leermiddelen, b.v. grafische calculators e.d.","id-9f6e7f2ecff830bbf7d7c60692b6e802","id-4eee299cb31ca824b19ec4b980289bdb",""
"id-9212928c0c7d6e7bd9c44d30324f73c9","FlowRelationship","","toegang tot (digitaal) lesmateriaal","id-ce200b8a26a1091ab3681ff1bf5566ba","id-90d87a8693f48ce7156cc4fef6da65cf",""
"id-205f582a20294e433ab1517b80963035","FlowRelationship","","alle bestuurlijke gegevens tussen het samenwerkingsverband passend onderwijs en de school, sterk afhankelijk van de gekozen werkvorm voor het samenwerkingsverband","id-dce12943b414197c59b69ef01644c447","id-ef98c02f9711c66e2f17171745adab88",""
"id-f7975cd2490fc0e04c84be2649bc42c4","FlowRelationship","","publicaties van CITO","id-d45ad2785ce309a8a5bccab9dfee007a","id-282647da540aa35fc56f911ad73b0618",""
"id-cb1f5ffbc0a57f1f8546309e78ca34a6","FlowRelationship","","financiering DUO door OCW","id-584ebf14c9049c775936aefec6dc655c","id-1798418407d773b8ccad68b10593f299",""
"id-733d523432bff0f3d31fa4f728fea617","FlowRelationship","","Samenwerking CvtE en CITO","id-2110e52c66b3f0165b2ca9b6202741cc","id-d45ad2785ce309a8a5bccab9dfee007a",""
"id-d5d2e3051cf79ccc7b96b9cd15273ae2","FlowRelationship","","uitwisseling HRM gegevens met personeel","id-dce12943b414197c59b69ef01644c447","id-26dbb885b01bb54d3e6f5d0297aa568b",""
"id-c601f46b342cf23ab74344f497233b6f","FlowRelationship","","","id-6e1b77f377949a45f46e8d618b0bebe0","id-6e1b77f377949a45f46e8d618b0bebe0",""
"id-13828f588519e900f50d70339adab1a6","FlowRelationship","","administraties en lesmateriaal en deelnemer gegevens voor de docent","id-dce12943b414197c59b69ef01644c447","id-26dbb885b01bb54d3e6f5d0297aa568b",""
"id-146a4cd1ee6b7b97ae69a0eea22aa829","FlowRelationship","","samenwerking met docenten","id-dce12943b414197c59b69ef01644c447","id-26dbb885b01bb54d3e6f5d0297aa568b",""
"id-1cebfc6997540ab681f57ea723dd06a8","FlowRelationship","","","id-9ce4ed39df39d31233c9e2b75416d92f","id-576cc4197d2840a7924445f9152c3faf",""
"id-7c3944a3fa8f5c0667ab8d78b9115de7","FlowRelationship","","kennis over onderwijs","id-0c459c4df4dc3a74e0759ad0a3d7f936","id-dce12943b414197c59b69ef01644c447",""
"id-b76aa05716393277cd4b92185d180cd0","FlowRelationship","","belasting afdrachten via dienstverlener","id-0015477230f7e94f95ad945dce472c42","id-38aef2328cdc1e0ed361b18a3f9aca08",""
"id-9592a37674d7e189d3534edb91e4afdd","FlowRelationship","","samenwerking met bedrijfsleven t.b.v. stages van leerlingen / studenten","id-279340e10721c9599d515f6809a5d930","id-dce12943b414197c59b69ef01644c447",""
"id-d39c59e3f0bdeb082cd9a24a2c762fac","FlowRelationship","","verantwoording van toetsresultaten","id-dce12943b414197c59b69ef01644c447","id-2110e52c66b3f0165b2ca9b6202741cc",""
"id-5905185e183513ac26b62352f4877520","FlowRelationship","","alle relaties met gemeenten","id-dce12943b414197c59b69ef01644c447","id-a44eaf311e0d73501a14ee9d560f6362",""
"id-c38cf08432967d71d66f27e38d317d58","FlowRelationship","","uitwisseling leerlinggegevens met zorg partijen","id-dce12943b414197c59b69ef01644c447","id-130c8fd3954afe9aec757fccb8439afd",""
"id-9410d01f61263761dfce28400882047a","FlowRelationship","","samenwerking met branche organisaties","id-f2240bffaca5557bfc709fa9aff4854d","id-dce12943b414197c59b69ef01644c447",""
"id-32906e21b4233aa20e00f620cc6de57a","FlowRelationship","","afstemming ondersteuningsplan met B&W","id-a44eaf311e0d73501a14ee9d560f6362","id-ef98c02f9711c66e2f17171745adab88",""
"id-a2911c20997cdaf2d9f2a21d1e370253","FlowRelationship","","alle data uitwisseling met DUO","id-dce12943b414197c59b69ef01644c447","id-1798418407d773b8ccad68b10593f299",""
"id-ece5b5a704725a52339419131c9a4b8f","FlowRelationship","","inkoop van toetsmateriaal","id-dce12943b414197c59b69ef01644c447","id-d45ad2785ce309a8a5bccab9dfee007a",""
"id-84637aaa3aa24731722c8baeba890efe","FlowRelationship","","bekostiging, maar ook diverse diensten","id-dce12943b414197c59b69ef01644c447","id-ef98c02f9711c66e2f17171745adab88",""
"id-3e58ab5605c02aef1d74513cf0b6e183","FlowRelationship","","samenwerking met ondersteunend personeel","id-dce12943b414197c59b69ef01644c447","id-67f020fef880e9de4e2bf844fa2a6da3",""
"id-a0f6f07ec4c11fdc3cc88294fe016336","FlowRelationship","","benodigde gegevens voor toegang lesmateriaal","id-ce200b8a26a1091ab3681ff1bf5566ba","id-5143619ad1d78182bb11905d91133d41",""
"id-f380931a43a21ac617a0dbb3a77779a2","FlowRelationship","","diverse diensten van diverse samenwerkingsverbanden","id-8661905a8d8c0e6ae12e9fef06dbb397","id-dce12943b414197c59b69ef01644c447",""
"id-531c5a840e9712b02b9b8bcd52c9a48f","FlowRelationship","","beleid van CvtE voor school","id-2110e52c66b3f0165b2ca9b6202741cc","id-dce12943b414197c59b69ef01644c447",""
"id-86368867f1abc3fa12950e514a13bda3","FlowRelationship","","gegevens t.b.v. belastingdienst","id-dce12943b414197c59b69ef01644c447","id-38aef2328cdc1e0ed361b18a3f9aca08",""
"id-1cf3a3970ff6281d51f47979969fe417","FlowRelationship","","richtlijnen voor afnemen toets voor de school","id-1974e1d55a4b79fe545c5bac251303c0","id-dce12943b414197c59b69ef01644c447",""
"id-678f2283695f7794defcfaf6d533f262","FlowRelationship","","gegevens t.b.v. distributie van leermiddelen","id-dce12943b414197c59b69ef01644c447","id-4eee299cb31ca824b19ec4b980289bdb",""
"id-e2978d3ab516562386a8ee4abb20e879","FlowRelationship","","samenwerking met kinderdagverblijven / IKC","id-dce12943b414197c59b69ef01644c447","id-2c9515cc27b21c8c9d19e7d28735d8be",""
"id-8f0f82b0d2251424744d0449b0d250ae","FlowRelationship","","wetgeving van OCW voor DUO","id-584ebf14c9049c775936aefec6dc655c","id-1798418407d773b8ccad68b10593f299",""
"id-7785c3f0bb8800adbabd6446348c8871","FlowRelationship","","verantwoording naar Raad van Toezicht (actueel tot jaarverslag)","id-dce12943b414197c59b69ef01644c447","id-c26e841c5d3ae3ddd24dfb6d3703c0ce",""
"id-ace196b912bdc7e2694ff185e4066e73","FlowRelationship","","(wetenschappelijke)  kennis t.b.v. beleid van de school","id-0c459c4df4dc3a74e0759ad0a3d7f936","id-dce12943b414197c59b69ef01644c447",""
"id-516616c465c2d90fd3a48d4f85c8a159","FlowRelationship","","inkoop van lesmateriaal","id-dce12943b414197c59b69ef01644c447","id-4eee299cb31ca824b19ec4b980289bdb",""
"id-24cd88540b5991e9b2b5f34923fa9074","FlowRelationship","","CITO-beleid en richtlijnen voor de school","id-d45ad2785ce309a8a5bccab9dfee007a","id-dce12943b414197c59b69ef01644c447",""
"id-a6178550e5957ca3b9b30aa2d0dfebe1","FlowRelationship","","uitwisseling leerlinggegevens met bureau leerplicht","id-dce12943b414197c59b69ef01644c447","id-23baa8f932d79e30aacafd4999a6bfa3",""
"id-ff9557a7522ceeef290b05c0a533f019","FlowRelationship","","voor onderwijs benodigde administraties","id-dce12943b414197c59b69ef01644c447","id-0015477230f7e94f95ad945dce472c42",""
"id-bcc9209da8ce8c39ba7e4150f3e1fdbc","FlowRelationship","","Financiering CvtE","id-584ebf14c9049c775936aefec6dc655c","id-2110e52c66b3f0165b2ca9b6202741cc",""
"id-80e0ab8ca572610efad02d67137c98e0","FlowRelationship","","instellingsgegevens en schoolbeleid voor de gemeente","id-dce12943b414197c59b69ef01644c447","id-a44eaf311e0d73501a14ee9d560f6362",""
"id-85139a7b7b7d61aa456fa208d9aed0d1","FlowRelationship","","gegevens voor de ECK keten","id-dce12943b414197c59b69ef01644c447","id-ce200b8a26a1091ab3681ff1bf5566ba",""
"id-a12cb086a9332d2412164173daed2ff4","FlowRelationship","","organisatie en financiering leerlingenvervoer","id-a44eaf311e0d73501a14ee9d560f6362","id-023be7b22058fe582ce81b0e4ffa5f10",""
"id-f5b731ef1b734848d9f60ab7e02099ee","FlowRelationship","","educatieve informatie over onderwijs","id-32bea6cfaa1276178226d49f143b91ba","id-dce12943b414197c59b69ef01644c447",""
"id-dd982f2b8574891635aebf8bf26f4fbe","FlowRelationship","","benodigde uitwisseling met pensioenfondsen (ook UWV en zo??, en hoe zit het met het samenwerkingsverband voor arbeidsongeschiktheid?)","id-0015477230f7e94f95ad945dce472c42","id-63ebb487d6747d20b913e23e88ddc5e2",""
"id-5905c3acd9f44db1567f61abc33639f0","FlowRelationship","","instellinggegevens voor vakbond (OR)","id-dce12943b414197c59b69ef01644c447","id-fda9cae2798fe84e93bc43ee6c2aac7e",""
"id-71affd6a4274cb512b893ed26a8d603f","FlowRelationship","","samenwerking tussen educatieve contentontwikkelaars, uitgevers en distributeurs","id-ce200b8a26a1091ab3681ff1bf5566ba","id-5143619ad1d78182bb11905d91133d41",""
"id-2c3846113df6bac24ecf50b358a1c7c2","FlowRelationship","","","id-6e1b77f377949a45f46e8d618b0bebe0","id-576cc4197d2840a7924445f9152c3faf",""
"id-0d00b5b3f871bb7cd343b94d50a11fad","FlowRelationship","","personeelsgegevens t.b.v. RvT","id-dce12943b414197c59b69ef01644c447","id-c26e841c5d3ae3ddd24dfb6d3703c0ce",""
"id-e1ee649cf4710efc5b486c94fef365e3","FlowRelationship","","uitwisseling HRM gegevens met personeel","id-26dbb885b01bb54d3e6f5d0297aa568b","id-dce12943b414197c59b69ef01644c447",""
"id-6e99e11243ef7cb8637430faab6b8071","FlowRelationship","","gebruik GBA gegevens door bureau leerplicht","id-a44eaf311e0d73501a14ee9d560f6362","id-23baa8f932d79e30aacafd4999a6bfa3",""
"id-d0524b42504e3a3dc5c8fe62b1e4b426","FlowRelationship","","gegevens t.b.v. inschrijving bij KvK (directeur, tekenbevoegde etc.)","id-dce12943b414197c59b69ef01644c447","id-9edbecb23b82123ac753fb6919f7a159",""
"id-851631f9634459ae7cd89b44720313a7","FlowRelationship","","instellinggegevens en leerplichtbeleid school voor bureau leerplicht","id-dce12943b414197c59b69ef01644c447","id-23baa8f932d79e30aacafd4999a6bfa3",""
"id-f3ef4cc2b90c9e35c60c7e1276e814f5","FlowRelationship","","gegevens voor authenticatiediensten","id-dce12943b414197c59b69ef01644c447","id-90d87a8693f48ce7156cc4fef6da65cf",""
"id-bf7e4327550f47c7ed6f3284d53d10b0","FlowRelationship","","publicatie van onderwijsresultaten","id-d776f26f0c64c0ba874469f4eda60c13","id-282647da540aa35fc56f911ad73b0618",""
"id-ddb8a4a5cf3860df0af6c9f407a0fb63","FlowRelationship","","zorgbeleid voor de school","id-130c8fd3954afe9aec757fccb8439afd","id-dce12943b414197c59b69ef01644c447",""
"id-346889442d4638b2a5de21e169561672","FlowRelationship","","Aanschaf ict-middelen, bijv. chromebook, ipad, laptop, etc.","id-9f6e7f2ecff830bbf7d7c60692b6e802","id-901ccbcad586bfeb9c6bbd237286eaaf",""
"id-67fc51c837e3c1afa8a17d11d415f2fa","FlowRelationship","","Samenwerking CvtE en CITO","id-33a7ec7daae142828c597eb68d55fef5","id-d45ad2785ce309a8a5bccab9dfee007a",""
"id-6e75fb474fdb4e6fb18818d73f495c87","FlowRelationship","","geaggregeerde leerling gegevens t.b.v. sectorraden","id-dce12943b414197c59b69ef01644c447","id-d776f26f0c64c0ba874469f4eda60c13",""
"id-19710d8eb996f0360a2d7e009e1ad0a2","FlowRelationship","","Inkoop ict-dienstverlening","id-dce12943b414197c59b69ef01644c447","id-901ccbcad586bfeb9c6bbd237286eaaf",""
"id-df1253ba6c199ea922d81d8a3ac443e9","FlowRelationship","","gegevens t.b.v. Cito toetsen","id-dce12943b414197c59b69ef01644c447","id-d45ad2785ce309a8a5bccab9dfee007a",""
"id-8eccee4b7fb646ff65c33fd95510ec2f","FlowRelationship","","richtlijnen gebruik authenticatiediensten","id-bb25b08d53338a7c5cffa9614de392d3","id-dce12943b414197c59b69ef01644c447",""
"id-91b90d830853f9b6447e1709d6626753","FlowRelationship","","uitwisseling HRM gegevens met personeel","id-67f020fef880e9de4e2bf844fa2a6da3","id-dce12943b414197c59b69ef01644c447",""
"id-a6936508f5d33e11c6b00d9ae76c3e75","FlowRelationship","","gemeentebeleid voor de school","id-a44eaf311e0d73501a14ee9d560f6362","id-dce12943b414197c59b69ef01644c447",""
"id-3134fd825c8114a38fd7b1df2be8821f","FlowRelationship","","gegevensuitwisseling tussen leerling en ouder/voogd","id-9f6e7f2ecff830bbf7d7c60692b6e802","id-b8b81b18212ddd02afecfe10c2b1f773",""
"id-5e303f91d8016d78021a20631a8c0813","FlowRelationship","","publicatie van leerling gegevens, waaronder foto's, op de website van de school","id-dce12943b414197c59b69ef01644c447","id-282647da540aa35fc56f911ad73b0618",""
"id-0cbc35b3da32da2052c0c34eea6c8d65","FlowRelationship","","informatiebron voor ontwikkelen onderwijs","id-dce12943b414197c59b69ef01644c447","id-c16e48ab2ccac443d862399a46bc4e67",""
"id-a46cad45eae91b21b49795f9bc302b9c","FlowRelationship","","OCW beleid voor gemeenten","id-584ebf14c9049c775936aefec6dc655c","id-a44eaf311e0d73501a14ee9d560f6362",""
"id-14b0323f2ae0936ab167f1d2381c6b89","FlowRelationship","","gegevens t.b.v. toetsen","id-dce12943b414197c59b69ef01644c447","id-c9ac65fd637949e62c19f0350f4387f4",""
"id-95f0701683a792a09ca91b64249ce0d1","InfluenceRelationship","","","id-cb8dc03308266773d8d5808f432314d5","id-ea23f6cd2eb87b2e4460b9e2905cfff6",""
"id-55e0f8273760f65261064253ba811bf6","InfluenceRelationship","","","id-b850df1dc6219f18c03bc0239c7d30e6","id-143dea58a43fdb86a9a3a4ede0cc8579",""
"id-a36c92671cbc2faec3179e330aeef090","InfluenceRelationship","","","id-4c368b24cede12367fd35fdec74aa3db","id-143dea58a43fdb86a9a3a4ede0cc8579",""
"id-f8778cba11c3aecb447134e4b6215f6a","InfluenceRelationship","","","id-63553c7ffb3e394232705c07ecab9a79","id-278c542a805f2cd81d5bbaef0bcc7655",""
"id-ab07c2f090a20ec739e8083ce833dbc1","InfluenceRelationship","","","id-726f6987b079ca4764469b86ff596bf2","id-bad6cf2c8e04e8f05aa5f84ec80bbe22",""
"id-0fc19c8284cfdb44e6c80ccdee714c22","InfluenceRelationship","","","id-784689d996ad885971e9a1424afbcd87","id-2ff415dfc3af5ea6df229ea0ac7aa420",""
"id-78a99fd725e8007f8c7c4948bfcaad81","InfluenceRelationship","","","id-f6bf5bd2360a14e0b902d7c44a369770","id-759da44878710caf8592d257dbcdc51e",""
"id-ed7180d8ebb1d37ad3724a6e639b5cc9","InfluenceRelationship","","","id-4d15cd16e4fdf290c00d7939ddac024c","id-de7b15583ab266c8a6fa3811b3cadf65",""
"id-11fe41abcde5c01446f12e83a4606a1c","InfluenceRelationship","","","id-f521e77d5006f85a05218b4eab913438","id-d159c0f8f8d71c044f080246ddad3209",""
"id-d2e55ba0c579620de48aa532f2f22ed6","InfluenceRelationship","","","id-7591b5c597c701655328f7c5b477ded4","id-143dea58a43fdb86a9a3a4ede0cc8579",""
"id-81a58dcc4f3b5d5276f17a7ca8fa0e17","InfluenceRelationship","","","id-4d15cd16e4fdf290c00d7939ddac024c","id-449fb820fa6602da404217fb11167de0",""
"id-3c257e5be05a1d09a5262964c76f6e37","InfluenceRelationship","","","id-a52222c7d88b9cfe653e724b8b9cadc9","id-759da44878710caf8592d257dbcdc51e",""
"id-a03ef6de23070c070da6cc6f8eed7120","InfluenceRelationship","","","id-f6bf5bd2360a14e0b902d7c44a369770","id-de7b15583ab266c8a6fa3811b3cadf65",""
"id-716b22a0106609925e14a65f2a77b0ea","InfluenceRelationship","","","id-061990a9ab195f30f1119da5e44d67ab","id-5c2cdcb29669df467f8ab44792483469",""
"id-5ab91146001da4af455cd2d459f1c0dc","InfluenceRelationship","","","id-f6bf5bd2360a14e0b902d7c44a369770","id-c131912a7fbb2f4d3a4a131e9f0d8466",""
"id-a859d8c2458b50cfc388fe413d544258","InfluenceRelationship","","","id-4c368b24cede12367fd35fdec74aa3db","id-aeadc7b18bd596fac71cf7cc00e2d428",""
"id-6fb4e66ffcd66ed745cb39f4022c79eb","InfluenceRelationship","","","id-784689d996ad885971e9a1424afbcd87","id-5beef5a303e7e6074ed19291cad92243",""
"id-4f18292ce7c1080dd591ef1cb9e0254e","InfluenceRelationship","","","id-84066d3ff373f7cf49c4724bed9ea2fa","id-f0ff71a10e968233196a48fbf4db9616",""
"id-b56eee1f8b9b96ef799dfdcc83d986b7","InfluenceRelationship","","","id-e97b33d0490a491fd8468e53da37ee4a","id-2c324764291f71503b1625bd6a5afc51",""
"id-a1cce5b0d08434783efb12ebd589db1a","InfluenceRelationship","","","id-f6bf5bd2360a14e0b902d7c44a369770","id-ffa1bbdf935655180c0ac0414f48a939",""
"id-53f89c785ac394e0b8e1446961f3a588","InfluenceRelationship","","","id-4c368b24cede12367fd35fdec74aa3db","id-8089e4191139f979a9d107f89e034195",""
"id-409d7c152cda8ced43286445934d72c3","InfluenceRelationship","","","id-cdc05266b00f076be00e93cb9774b9bc","id-5beef5a303e7e6074ed19291cad92243",""
"id-d636cdb0973149051bc6b5326fdea6fa","InfluenceRelationship","","","id-6fcc4d74749c954e2211fcf7bbe8b35a","id-fec812cd4199e3b039078989a91fe315",""
"id-3d7d3f71d09856a4144b4850633e31f3","InfluenceRelationship","","","id-e7a0e4e176d5abbcf202377d410a69a8","id-7f564d080643a4374e8d0e871bf761f6",""
"id-eef4612d6e2a3a17560b8f23dbf2c005","InfluenceRelationship","","","id-4c368b24cede12367fd35fdec74aa3db","id-5c2cdcb29669df467f8ab44792483469",""
"id-8f8f00f745e8a331e0093b2fb2ee9703","InfluenceRelationship","","","id-a23c3fa2652e6537aa44a871ff8ff981","id-15eb1179be6451b400e77b8fa15ec4b5",""
"id-fa7ce6ed14b1e01a585f14ac1646880d","InfluenceRelationship","","","id-4aafef13fed69f259fd6d57b9fd56086","id-aaa692c02f8c761a022d8ad5694f2c55",""
"id-0b185defe9e42ac56445f9b8e87c0f1f","InfluenceRelationship","","","id-82df9c694af25afea4fadd58712603bc","id-aaa692c02f8c761a022d8ad5694f2c55",""
"id-0cea3fda9012e68b2b7946f6f9a0f580","InfluenceRelationship","","","id-c541c4ceee5eead4e352c9c641418454","id-c593d61d46386cffffa459f0f3019de4",""
"id-76f3d7f9ccb3636d3585c6bf094050c8","InfluenceRelationship","","","id-e97b33d0490a491fd8468e53da37ee4a","id-4c46d232ec75ec185a6be28b1d069aff",""
"id-ee3491a29d20f4ebae6ba6819ff9d4e2","InfluenceRelationship","","","id-a23c3fa2652e6537aa44a871ff8ff981","id-c5c8103e7450b5603466bb42eb6e639d",""
"id-67356f4b984f985bc3c06f950914f174","InfluenceRelationship","","","id-7591b5c597c701655328f7c5b477ded4","id-aeadc7b18bd596fac71cf7cc00e2d428",""
"id-8a0245fd3e1a4035ed3c962f9f84b888","InfluenceRelationship","","","id-726f6987b079ca4764469b86ff596bf2","id-8d134c86c75b0f1c4b51ac18353e8a17",""
"id-a7ffcb16000097baf519242c9fa3ac35","InfluenceRelationship","","","id-f6bf5bd2360a14e0b902d7c44a369770","id-ea23f6cd2eb87b2e4460b9e2905cfff6",""
"id-0d5384182c569675938308515fddddf1","InfluenceRelationship","","","id-cb8dc03308266773d8d5808f432314d5","id-c131912a7fbb2f4d3a4a131e9f0d8466",""
"id-44bc31bb694b8feaae55ca82b83ff6d5","InfluenceRelationship","","","id-b850df1dc6219f18c03bc0239c7d30e6","id-5c2cdcb29669df467f8ab44792483469",""
"id-215fc4a267e616fc70298fc9428f6821","InfluenceRelationship","","","id-061990a9ab195f30f1119da5e44d67ab","id-aeadc7b18bd596fac71cf7cc00e2d428",""
"id-fd737544cc59aaf80b28458c4d8224f2","InfluenceRelationship","","","id-f6bf5bd2360a14e0b902d7c44a369770","id-66ec87a1a1175c85eee6320545dce9fd",""
"id-69d9f186c869197ad3634d213f2b6223","InfluenceRelationship","","","id-c30e05485c72ec3386f686e4962fe1cc","id-88e5e38e0f7b720dfec098d3e9256f0c",""
"id-0081394c83f8a2d6fee08553b0a7cd21","InfluenceRelationship","","","id-061990a9ab195f30f1119da5e44d67ab","id-8089e4191139f979a9d107f89e034195",""
"id-7b3ea20067e6312b3b8b9bb9ba8dec09","InfluenceRelationship","","","id-4d15cd16e4fdf290c00d7939ddac024c","id-66ec87a1a1175c85eee6320545dce9fd",""
"id-48456d1d3a3b332b198f947c54da6c5a","InfluenceRelationship","","","id-67fe71bea48e705cf3e096f93c39fdc0","id-aaa692c02f8c761a022d8ad5694f2c55",""
"id-5fc52e937380155bf52e5d5d24179114","InfluenceRelationship","","","id-26118fde5267c80fb87e5ac84212c2c9","id-ff10ce3d1c11eb667165b41f0f7bdcaf",""
"id-b3ccabe06f7137d024c5a1594d313c03","InfluenceRelationship","","","id-63553c7ffb3e394232705c07ecab9a79","id-c5c8103e7450b5603466bb42eb6e639d",""
"id-dc8fa2f22aefeb6c6756d7d21b7f2002","InfluenceRelationship","","","id-061990a9ab195f30f1119da5e44d67ab","id-143dea58a43fdb86a9a3a4ede0cc8579",""
"id-aa35c42f5ba38be1b481e54c91f3c1d4","InfluenceRelationship","","","id-26118fde5267c80fb87e5ac84212c2c9","id-d6260e8ef08b45c140e4c03bc925705a",""
"id-387269b8858592de0398cb15b0bdd4a9","InfluenceRelationship","","","id-35d5402d34efb2bff366371731c85c79","id-355e1984ad1b6820449499e30cea578d",""
"id-30b308d8818f50a6ae6dd64f6156a1d2","InfluenceRelationship","","","id-e3c44a1400b2390142bff8db73bf5ebb","id-88e5e38e0f7b720dfec098d3e9256f0c",""
"id-dc15ed6627cc30ffebeca38c0be1a759","InfluenceRelationship","","","id-cb8dc03308266773d8d5808f432314d5","id-ffa1bbdf935655180c0ac0414f48a939",""
"id-228b23ee6ebccf475c87dc0deb99ace6","InfluenceRelationship","","","id-15a0d6bec80fc381e2340be1fb982c99","id-e5731078d29ad4aa567ab41130395e24",""
"id-a8d5a2d36949daaa94e1cb5c5341cd05","InfluenceRelationship","","","id-7591b5c597c701655328f7c5b477ded4","id-8089e4191139f979a9d107f89e034195",""
"id-7c5d8cae883a3263ce5c3609c22d90d5","InfluenceRelationship","","","id-cb8dc03308266773d8d5808f432314d5","id-759da44878710caf8592d257dbcdc51e",""
"id-9faa0e5c1192e45bda344fb54d9bd9a8","InfluenceRelationship","","","id-b850df1dc6219f18c03bc0239c7d30e6","id-8089e4191139f979a9d107f89e034195",""
"id-38b654a570d5c6608c23348c98267002","InfluenceRelationship","","","id-3fcdd8d828aff05b85de1aed0bce4dd9","id-cc081fd78dcad7cbe6fc5129199e70e9",""
"id-b6813711f01704300c6e6f42c4917033","InfluenceRelationship","","","id-f6bf5bd2360a14e0b902d7c44a369770","id-449fb820fa6602da404217fb11167de0",""
"id-fe5bb45d209337fe3f771f7da3985b1e","InfluenceRelationship","","","id-956dffca855dd8c60fe0c9b2f1edb40b","id-278c542a805f2cd81d5bbaef0bcc7655",""
"id-8fcb66a66c8cbae4ba1786108cd5d199","InfluenceRelationship","","","id-b850df1dc6219f18c03bc0239c7d30e6","id-aeadc7b18bd596fac71cf7cc00e2d428",""
"id-f5d015a75536a4d562056f1d8a13de9a","InfluenceRelationship","","","id-84066d3ff373f7cf49c4724bed9ea2fa","id-08a149ab4ff78b7e37dbbf917fcd6303",""
"id-bdc43110fc1b403e6e8098dd3ac03d0b","InfluenceRelationship","","","id-35d5402d34efb2bff366371731c85c79","id-d3f9455d41fa052a49919b043de4632f",""
"id-286004d47e87f0d17dd38ae4584bee57","InfluenceRelationship","","","id-cdc05266b00f076be00e93cb9774b9bc","id-2ff415dfc3af5ea6df229ea0ac7aa420",""
"id-48468cbb7686f3776db2adc0de91d97b","InfluenceRelationship","","","id-b850df1dc6219f18c03bc0239c7d30e6","id-ec418a1c1ed0d60f70956ee6766a82f4",""
"id-9735f13c1dd2f192820de7b79035dc81","InfluenceRelationship","","","id-7591b5c597c701655328f7c5b477ded4","id-5c2cdcb29669df467f8ab44792483469",""
"id-6ee16923422167e61641c6f28209c81a","InfluenceRelationship","","","id-d7f781b89e21704020cf3deac0330e5f","id-2e0a6e1f82ca4680ff82b43248f535ce",""
"id-a397e0a0a441650f5d00f95bea9e4f98","RealizationRelationship","","","id-5e8f9676410bca6d4072bef692c20cef","id-882f0ccb56ed04d4f4ef6af9dcbd941d",""
"id-ac464644a2c779860321d9c7cdc0f3b4","RealizationRelationship","","","id-e3943c81a8aeb7dae4e21b9adf1ef25d","id-af9ac871c1f0685b87076d2f48f47bbd",""
"id-345885d10eb2ba0b6368dd0670ec8c02","RealizationRelationship","","","id-bee549a182e772f3a9c9cf5e4c141426","id-b3d25e24ab75c71fcef4d891590f5132",""
"id-4598a03293d3cd1c44984ce4bd8f9c34","RealizationRelationship","","","id-ec603ebcdcac84915de2d7df23a6c791","id-83714d17dcad428a5e13a76f09a045a7",""
"id-e02f9b215e53be1b701676ae3c4e73f9","RealizationRelationship","","","id-ac4fe31fb0d9963dae3b26b3150cccf8","id-bf1303d035e86e9c711f274a43d4ddea",""
"id-707244b2aa30593086667b2e91fac550","RealizationRelationship","","","id-44e5f8837d59a040110fd30435f49d96","id-dc8cc618cb61046ba92bb3c3cba3095d",""
"id-2106f08e2c8586e6f17f81a68ec18127","RealizationRelationship","","","id-0d6fae6d3ce52a25f74ef642e03dbb16","id-e0ab3f1707ee11569c9f14a9875ec172",""
"id-e55b36508ccd5011ef79b1ce7777d833","RealizationRelationship","","","id-4ccc6fdc8a1d7d3f8c223ab40ad6d80c","id-40bd57a76214d159ab084e6c323f69fe",""
"id-6d70b7400c32628116921166918e7413","RealizationRelationship","","","id-135dbcf549a5aab8dc44d36e58e41a98","id-caf6ae96847007ae4e7fc654f67ed46f",""
"id-0d3503e5aba9689a6cc6933b3cabbc42","RealizationRelationship","","","id-59a311062d582ee41cad363f14a3c938","id-c57f077e0222db5c5713f1438fea228a",""
"id-f02d674dd8392ad99fdaf401709b9078","RealizationRelationship","","","id-90d87a8693f48ce7156cc4fef6da65cf","id-696f69da23865f237f2f9decb732f37a",""
"id-cc1b1896fc93715b84f410e9a51872cf","RealizationRelationship","","","id-2ecd6780fa161116bcaa357d257ec530","id-28fa77cf1a02f631961b170e71c2d0e7",""
"id-34003f0380108c91c5cd0c50620f6887","RealizationRelationship","","","id-248cf4321c0cd6c14781dbfdb278874a","id-b6da7cd4d825ccf8b2f98930a26a1abb",""
"id-8b24926d965880a06cff13c1217378aa","RealizationRelationship","","","id-eb47457fd2c283e2c796ba3e7f5d75dc","id-4f13f8885040a5dbbe5c3cad8bd732a7",""
"id-c4556b65cff0e127cacee056e909921e","RealizationRelationship","","","id-d402949652c141107f463c70c31894d0","id-e6762a3c1b5cb338d01ae3660a6545f7",""
"id-d680b7c5d3d4db4930d476f3f3a10067","RealizationRelationship","","","id-8ee4f5e889d834448de6b6caee164b4f","id-3c83159e38e529d08c9e409951eade09",""
"id-0f7cfc75a73e983721b85a1289b8d8fb","RealizationRelationship","","","id-4aab528a9071d9564b8767563149dc8b","id-28fa77cf1a02f631961b170e71c2d0e7",""
"id-de0036a78c81c4803debf698e8006774","RealizationRelationship","","","id-016aeefaddbd99e31045797f634f5d5d","id-882f0ccb56ed04d4f4ef6af9dcbd941d",""
"id-a75597a86176bf7d3993876db314a16a","RealizationRelationship","","","id-ec603ebcdcac84915de2d7df23a6c791","id-798a11c85cdfdd98553c0cfc9b2887c8",""
"id-35d9539b5ac71e1c5900c09633565a3b","RealizationRelationship","","","id-248cf4321c0cd6c14781dbfdb278874a","id-c5d1c057434415d58662a706d1f2e1a7",""
"id-b46b68b7a5bbc93fc99513cb3db9d4f4","RealizationRelationship","","","id-5e8f9676410bca6d4072bef692c20cef","id-20eac54b771fe2ae885f704bdbdde6d1",""
"id-24920a7580377dd33044b60479b2ca26","RealizationRelationship","","","id-23cb6ea5ec0899a231c4225004680f12","id-382ef61660c6101c195b9c59a2fc044f",""
"id-298ef95bd8a4c22f299725b4b9592b93","RealizationRelationship","","","id-75e15533adf61fc41eb5df7d1698a27b","id-fb22c90dd89e60b1cbdb96ac325b36e3",""
"id-b9bd2ca1534214a2a5b57e154c46faa1","RealizationRelationship","","","id-681048d691844f526ed5056f332485c9","id-f7c05f02eafc1819ea8e3aa8669ecd44",""
"id-13e705a4086876503024d4347813e135","RealizationRelationship","","","id-5fab6c1472d93288fbc257ebfcc5ac37","id-40bd57a76214d159ab084e6c323f69fe",""
"id-ecb2d3f051b4e01224eb6f0b29704d5c","RealizationRelationship","","","id-5bf4a4449ed42f3cbc5ab1efff4ecc20","id-a69a2e711db27104fabdf8417c673232",""
"id-bf5bdc028065b3db66b0143c0497bb82","RealizationRelationship","","","id-90d87a8693f48ce7156cc4fef6da65cf","id-0f72880481e17f54b3b7f1c226aedca0",""
"id-0af0c47f6a22ac9ef84ff17f2ff24716","RealizationRelationship","","","id-248cf4321c0cd6c14781dbfdb278874a","id-3fd55fcf41c05edce18d9c8dac13d4ec",""
"id-23cf1e1f2b5952f6fe170b33293e4242","RealizationRelationship","","","id-bb25b08d53338a7c5cffa9614de392d3","id-2aa813545990f2f53f804c53776f373c",""
"id-b43a8b1b58bc4a8250db0edf0a33ff86","RealizationRelationship","","","id-87876db23b897f4294ff0eb81a6a7eb5","id-fbdbe7017f6ab499a61e6b9386bbf71b",""
"id-802de0f977dbcca76b493c1b57d17401","RealizationRelationship","","","id-f4fbd64498e05ec6d51b0b5aedf88278","id-40bd57a76214d159ab084e6c323f69fe",""
"id-3109f8a4b8f7e18660582aaf200c259a","RealizationRelationship","","","id-576cc4197d2840a7924445f9152c3faf","id-d6a76f7c22edfb86552bfa0db88229a7",""
"id-7d0fcfeb12e9efe4a448342f04d4cd5b","RealizationRelationship","","","id-35929d96552e52a798cb0170cf5ae74e","id-40bd57a76214d159ab084e6c323f69fe",""
"id-18cf381b4062ba19e3fcaf5d7848c201","RealizationRelationship","","","id-5bf4a4449ed42f3cbc5ab1efff4ecc20","id-0b9118d89aff4f0329431d2b14679d34",""
"id-fe6bf8c0b7d895210a1ec780127dd588","RealizationRelationship","","","id-582c7188e90454a975556273f70b3701","id-43b9d9e9c6ad202b6b5433c79a866491",""
"id-7442a7c1d61fb93dbc8ac4d224c6f154","RealizationRelationship","","","id-248cf4321c0cd6c14781dbfdb278874a","id-882f0ccb56ed04d4f4ef6af9dcbd941d",""
"id-f98f5c8aa18863583377dafc67248ac1","RealizationRelationship","","","id-2bd1163e9f23c0fa5afb873b7fb58513","id-8c920668777ee778d6daadda861c7d94",""
"id-05b3c6ce487582bb5c44863bd3c413ec","RealizationRelationship","","","id-e3943c81a8aeb7dae4e21b9adf1ef25d","id-3fd55fcf41c05edce18d9c8dac13d4ec",""
"id-687dbc763152a8c7aaa396e87641913d","RealizationRelationship","","","id-5e8f9676410bca6d4072bef692c20cef","id-943adaf190027afb86e6273ebfd3e329",""
"id-8e6ca57dff57e346915a9ae559b55c59","RealizationRelationship","","","id-b550acbfade3b0db70967b2247171789","id-c57f077e0222db5c5713f1438fea228a",""
"id-fc60e153c82f431afdfbfd15859e8b57","RealizationRelationship","","","id-cf8ec2cf7eddb1e32aba1284b0a6a8f1","id-20eac54b771fe2ae885f704bdbdde6d1",""
"id-bd514733bcc0d7e92fda109b313d3c71","RealizationRelationship","","","id-4a3aa79b0c081801f112dd2bc84c0afd","id-77dc8c8132a150009124d77450a21bb4",""
"id-153f32ad56d21594560ff082d54ba2ad","RealizationRelationship","","","id-48e7b3b0f6fb84823613f47fdf4f647f","id-0c4c4b922ee08910c42585943a6e41c6",""
"id-54f71fa398fdd698c24ff08687b7d541","RealizationRelationship","","","id-5e8f9676410bca6d4072bef692c20cef","id-8e365978406bc5f85b0d7b7059a349e4",""
"id-920e2d4abf6a4334e5f76341d0fd1298","RealizationRelationship","","","id-0b9118d89aff4f0329431d2b14679d34","id-3fd55fcf41c05edce18d9c8dac13d4ec",""
"id-40f719fce5da343672a34fd00a96fc27","RealizationRelationship","","","id-90d87a8693f48ce7156cc4fef6da65cf","id-f8cc879e4a7bef558c6f68ef63488974",""
"id-95772e048a7d1c4d8b42ed2cf027cba3","RealizationRelationship","","","id-0d6fae6d3ce52a25f74ef642e03dbb16","id-a037296b3ca8590d72fbecf8faf903a3",""
"id-b8b55c96bd950e2fb1a5aebbf748606e","RealizationRelationship","","","id-5bf4a4449ed42f3cbc5ab1efff4ecc20","id-afcc946d945cb971985c2ff7666437ec",""
"id-2546fd3ae0133045c3f263262dede77e","RealizationRelationship","","","id-2aa813545990f2f53f804c53776f373c","id-b6da7cd4d825ccf8b2f98930a26a1abb",""
"id-e99f1c8df02485e9adbced67a523a21c","RealizationRelationship","","","id-248cf4321c0cd6c14781dbfdb278874a","id-afcc946d945cb971985c2ff7666437ec",""
"id-e2932d20d11b9dac1b9c6fc684c2d5a2","RealizationRelationship","","","id-c56fae21d3fc98f2facde6465960ad21","id-45dd7bc65b754281a8a7585fcd88ff8d",""
"id-f83d93e482530b3f628023fd2eae0508","RealizationRelationship","","","id-e3943c81a8aeb7dae4e21b9adf1ef25d","id-943adaf190027afb86e6273ebfd3e329",""
"id-425a8b9871323f9d24ad3c08d04c60c7","RealizationRelationship","","","id-bedf0756d3ad605fe102903a211543a3","id-97bbbe75e3f3e9c1a77467ad0d534645",""
"id-5baec0ce4d3de03f3ddc1b521ef5a74f","RealizationRelationship","","","id-ec603ebcdcac84915de2d7df23a6c791","id-b369b7c2b06c6b1704e31710839ea079",""
"id-f640299c5d1d9f84586a8d96cf105887","RealizationRelationship","","","id-ec603ebcdcac84915de2d7df23a6c791","id-3fd55fcf41c05edce18d9c8dac13d4ec",""
"id-b65f2f113cf8d7ec8c6ec83c5dd85c46","RealizationRelationship","","","id-a69a2e711db27104fabdf8417c673232","id-3fd55fcf41c05edce18d9c8dac13d4ec",""
"id-10420b7c636a219858ed11bcc9eae807","RealizationRelationship","","","id-90d87a8693f48ce7156cc4fef6da65cf","id-258bb7031ecaf9565cf0fc451303c20d",""
"id-87838e02c18b06ecd47809c9086177fc","RealizationRelationship","","","id-8b1442fdc3b7a56914f6ca086da527a2","id-bf1303d035e86e9c711f274a43d4ddea",""
"id-f3f4fccb7478d86ed2619bdd922d0f52","RealizationRelationship","","","id-248cf4321c0cd6c14781dbfdb278874a","id-20eac54b771fe2ae885f704bdbdde6d1",""
"id-e3a8fb1b169374848b370a5f5c45d92a","RealizationRelationship","","","id-0ddcc8f2d6f125303b281608e63a9a94","id-cf8ec2cf7eddb1e32aba1284b0a6a8f1",""
"id-4dbef9f0bb584279a7a863980b9ade96","RealizationRelationship","","","id-b918691d42330697dcfcd3132f5651b0","id-ce5d81440fba997aae4b0ba3a81e5a73",""
"id-b8863c8508b9ddc2f28334236624ee9b","RealizationRelationship","","","id-487a9ec49a3f210a7fb14885b2c22670","id-dc8cc618cb61046ba92bb3c3cba3095d",""
"id-f4761e4a54eb109d9cc3170adc9013d0","RealizationRelationship","","","id-f19c9fb17379a626697e10ba7cab55a8","id-e33e822386f73a2dce6cee789659418c",""
"id-b8c9664617a5e412b6b9836908f298c5","RealizationRelationship","","","id-2f781558087db8a4ea8cdcdc96f7a422","id-82929c40f6db8940aa0584ae449f0631",""
"id-eabc893633292c6bc37c4678764aac0b","RealizationRelationship","","","id-1817c6e22082649dddf2abd6ce1c3ab1","id-97bbbe75e3f3e9c1a77467ad0d534645",""
"id-491cc7450ae51fcdb8d36d2975231093","RealizationRelationship","","","id-8b7903afdd3b3a2249024b6d1b684373","id-882f0ccb56ed04d4f4ef6af9dcbd941d",""
"id-bd0995910fd0c83cb8dd7a0dae93e505","RealizationRelationship","","","id-2ecd6780fa161116bcaa357d257ec530","id-9feeb52df4f62192e63980569552fa5d",""
"id-62bda7a64e59c13c2a134c1b5c962748","RealizationRelationship","","","id-248cf4321c0cd6c14781dbfdb278874a","id-8d7dace523e88b6721ec61e3ea4b583f",""
"id-f066ac21148da26bd6d47b4508e43495","RealizationRelationship","","","id-5117a2039725daa8fa0a430ed60f0360","id-86281480f23e181909a56e544b2fc597",""
"id-c649f0f4d1009efc2a72bac54ccf4ded","RealizationRelationship","","","id-59f17a931ba416d40e9709d8275b6a41","id-7c3e09b74558b42a2f0105ebf102fb3c",""
"id-1a156ce9d224c20f75c491be1f4d5346","RealizationRelationship","","","id-75e15533adf61fc41eb5df7d1698a27b","id-b6da7cd4d825ccf8b2f98930a26a1abb",""
"id-aca92fc7392bcb2839f9a7867abd04b9","RealizationRelationship","","","id-2ce1eaba2a71c5335a4187ecd071df6d","id-7aa50a60eb993ddb3cbf61a39b2f3d7d",""
"id-beff2007714e85b1b97982d101e39a08","RealizationRelationship","","","id-18deb8b4924e3426bef27f67b8e549fb","id-fb6170bfb725d429218a13ec02521f95",""
"id-3486f96084198788fe4304701ad60da7","RealizationRelationship","","","id-e3943c81a8aeb7dae4e21b9adf1ef25d","id-4f13f8885040a5dbbe5c3cad8bd732a7",""
"id-db38c6d84b458e249f1006a977b5e415","RealizationRelationship","","","id-eb47457fd2c283e2c796ba3e7f5d75dc","id-798a11c85cdfdd98553c0cfc9b2887c8",""
"id-5a99994bd18b45b8ea38db749914be55","RealizationRelationship","","","id-248cf4321c0cd6c14781dbfdb278874a","id-1c30720fd57982b87aaea4e766616151",""
"id-43e1228770f9caf0b3e9b1e7e0fec897","RealizationRelationship","","","id-3e1feb220c578f7e95c64f3d7b7af690","id-5711f005084ef14373e5a3a0607b5cd0",""
"id-aa527df4391284f6c187883507eab2fb","RealizationRelationship","","","id-e3943c81a8aeb7dae4e21b9adf1ef25d","id-8e365978406bc5f85b0d7b7059a349e4",""
"id-8519f28e7720bb34b47b3b9bc386c1f1","RealizationRelationship","","","id-cc6c657a54562cfcd519f7bf1b6436ef","id-86281480f23e181909a56e544b2fc597",""
"id-fda0d65fab1daee952580990287beb57","RealizationRelationship","","","id-248cf4321c0cd6c14781dbfdb278874a","id-4f13f8885040a5dbbe5c3cad8bd732a7",""
"id-32091fad104eb5bec0e5afd2d2b7e1d8","RealizationRelationship","","","id-ec603ebcdcac84915de2d7df23a6c791","id-882f0ccb56ed04d4f4ef6af9dcbd941d",""
"id-49c52e280d8e0a5a8ea0ef460a66d7cf","RealizationRelationship","","","id-0ddcc8f2d6f125303b281608e63a9a94","id-4c28bc50a20018dc2d95da100e581fa1",""
"id-a85a824002a21ce9d6d682ee9061c29b","RealizationRelationship","","","id-3940638b48d774f8ff42b45dc9c0c3cf","id-382ef61660c6101c195b9c59a2fc044f",""
"id-29ff51658440c4439005501c184cf988","RealizationRelationship","","","id-258bb7031ecaf9565cf0fc451303c20d","id-b6da7cd4d825ccf8b2f98930a26a1abb",""
"id-95c4d7b60ce2e221574b7b20668f51bc","RealizationRelationship","","","id-9ff9d025efa09582f96f2725c68f29e6","id-43b9d9e9c6ad202b6b5433c79a866491",""
"id-539d5e75ea57d806c3cb1c99fbbf0281","RealizationRelationship","","","id-c7dd24b7ff98b57dfd53cbdb73bda5c9","id-43b9d9e9c6ad202b6b5433c79a866491",""
"id-e8a68eb3808165203d3c3cf2d02e449b","RealizationRelationship","","","id-bfb99692c1e13e0375dab044220ba6f4","id-8c920668777ee778d6daadda861c7d94",""
"id-e18467bbfba80898b4f873eb61f2ba2e","RealizationRelationship","","","id-5e8f9676410bca6d4072bef692c20cef","id-3fd55fcf41c05edce18d9c8dac13d4ec",""
"id-12b872c5179d047db5d968fa754afd42","RealizationRelationship","","","id-cdfb7d353e204fc5a9e63d34fa662404","id-43b9d9e9c6ad202b6b5433c79a866491",""
"id-e3280b356da733c8f086f93c1f280cfa","RealizationRelationship","","","id-c119a89dee07aaf22a8ac35c0710fbb9","id-43b9d9e9c6ad202b6b5433c79a866491",""
"id-0da44a569b09cf1756e1a5050c5cbea9","RealizationRelationship","","","id-485969679c2cac0ee151ad07161aba9e","id-20eac54b771fe2ae885f704bdbdde6d1",""
"id-f970c06a882246d6583ae02509057cae","RealizationRelationship","","","id-e3943c81a8aeb7dae4e21b9adf1ef25d","id-882f0ccb56ed04d4f4ef6af9dcbd941d",""
"id-21f02b2f63dc94b304f2341625320500","RealizationRelationship","","","id-5e8f9676410bca6d4072bef692c20cef","id-4f13f8885040a5dbbe5c3cad8bd732a7",""
"id-ff4449a150775dcae08ff04685dd7fdd","RealizationRelationship","","","id-eb47457fd2c283e2c796ba3e7f5d75dc","id-3fd55fcf41c05edce18d9c8dac13d4ec",""
"id-665f81042d1c4bc32f606ce1817c26af","RealizationRelationship","","","id-fd81e038c3e4b1cab081377ae87d83a1","id-82929c40f6db8940aa0584ae449f0631",""
"id-7dfb61d892383188672ed6192f75017a","RealizationRelationship","","","id-4aab528a9071d9564b8767563149dc8b","id-9feeb52df4f62192e63980569552fa5d",""
"id-fbb806df4e5a45f22eadf4edc45adc9f","RealizationRelationship","","","id-248cf4321c0cd6c14781dbfdb278874a","id-943adaf190027afb86e6273ebfd3e329",""
"id-ed73285138792d8908418fbfe87dfefa","RealizationRelationship","","","id-afa9e214f1b6efb6da15cb460ed3374f","id-bf1303d035e86e9c711f274a43d4ddea",""
"id-e3a5d0dcad6f494248a88a7b9bd1c8e4","RealizationRelationship","","","id-bb25b08d53338a7c5cffa9614de392d3","id-76a253caf1c5189ac0d29882df778989",""
"id-b4b57d3ef138be9ca83ac721df297300","RealizationRelationship","","","id-5e8f9676410bca6d4072bef692c20cef","id-1c30720fd57982b87aaea4e766616151",""
"id-2cc99bf48959245400d0e5833e4da16c","RealizationRelationship","","","id-5e8f9676410bca6d4072bef692c20cef","id-83714d17dcad428a5e13a76f09a045a7",""
"id-56d398471aa6ec30f147469f400db0b4","RealizationRelationship","","","id-e757218b1810248e4dbb68c3d7fe5727","id-43b9d9e9c6ad202b6b5433c79a866491",""
"id-9a0205066e3d98d1a6d517b2771eb17b","RealizationRelationship","","","id-41a58766a6391f994e0e13da7b381abd","id-43b9d9e9c6ad202b6b5433c79a866491",""
"id-8fd4736286f28bc18fe2022888649b2f","RealizationRelationship","","","id-ec603ebcdcac84915de2d7df23a6c791","id-943adaf190027afb86e6273ebfd3e329",""
"id-cff471a435da64615441bfcd66ec3978","RealizationRelationship","","","id-2ecd6780fa161116bcaa357d257ec530","id-ff4ce568b4db5060b63c93dd2e8fea84",""
"id-5f2aec072c38a40e6d174780020ce41e","RealizationRelationship","","","id-264476c6492bb087ca89fadbfccbd4bf","id-e865669321cd12eb0ebf32d15e25e6e7",""
"id-328f8b473a552289f91aba04a1d12d0b","RealizationRelationship","","","id-2e7062b4224dd607955a31cf597ba831","id-e33e822386f73a2dce6cee789659418c",""
"id-1fc50d2d6c4962e27157fcca7276fb7d","RealizationRelationship","","","id-e3943c81a8aeb7dae4e21b9adf1ef25d","id-afcc946d945cb971985c2ff7666437ec",""
"id-53fd44b07552894bef14a8d122eeb6da","RealizationRelationship","","","id-25cd1fd25178fd083ee9cbb271b26e77","id-45dd7bc65b754281a8a7585fcd88ff8d",""
"id-248dedd1b75a174614dbab5052a7fd48","RealizationRelationship","","","id-bde127a5704ecac98d4b22fc6514d807","id-c5d1c057434415d58662a706d1f2e1a7",""
"id-d45ec15a236e79789ced9c4963b83c59","RealizationRelationship","","","id-4c28bc50a20018dc2d95da100e581fa1","id-20eac54b771fe2ae885f704bdbdde6d1",""
"id-1fcefaf319f6bfd432786e0497aa11a7","RealizationRelationship","","","id-3070449404d2f6b17bb3b8dc03dae827","id-e33e822386f73a2dce6cee789659418c",""
"id-5900c4969f80636597488ba6660adc45","RealizationRelationship","","","id-90d87a8693f48ce7156cc4fef6da65cf","id-80445fe4045314978bc3289ed3ed91f9",""
"id-70af3281343c4f56516c9a2470765a98","RealizationRelationship","","","id-ec603ebcdcac84915de2d7df23a6c791","id-1c30720fd57982b87aaea4e766616151",""
"id-8b49610d8ee486b001484712de9c2f19","RealizationRelationship","","","id-0ddcc8f2d6f125303b281608e63a9a94","id-485969679c2cac0ee151ad07161aba9e",""
"id-cdce86aa95a0b9d07690d6ca16619d7d","RealizationRelationship","","","id-eb47457fd2c283e2c796ba3e7f5d75dc","id-943adaf190027afb86e6273ebfd3e329",""
"id-770056cb766e1098426e5a85077142fa","RealizationRelationship","","","id-aab397abee6a9185dbb4595ef61976ae","id-bf1303d035e86e9c711f274a43d4ddea",""
"id-a02789d3976982dd65b59906d7c13629","RealizationRelationship","Aanbevolen of verplichte standaard","","id-f627755fc9852f128efb37ea3580e5a3","id-0ba1736962b256a12444f8c129222859",""
"id-60294a77acc1dd6d45f4415a5644a958","RealizationRelationship","Voorgeschreven standaard","","id-d6a76f7c22edfb86552bfa0db88229a7","id-0ba1736962b256a12444f8c129222859",""
"id-0dc8b3a71f616af9c41403672bf00b3f","ServingRelationship","","","id-9135bebfc71668019130f6ab6f3a897d","id-98eb59ea5c4c459aaa999b6c408a85cf",""
"id-8db5c99ffdd688432e9a79a7e8af584f","ServingRelationship","","","id-fe55529b67cdfe9203392e90dedad925","id-7710f7f48da84c102734b0f6b512f01d",""
"id-7585b3eaa353c3e29c5f5f00c6d60e66","ServingRelationship","","","id-a59d3706165c21c8adaf6538c5535395","id-2c83794df6afbdba9c0b7f6a86d996d9",""
"id-219e6727d53e7742b88905688b7bd874","ServingRelationship","","","id-fda928b1557f9c30c9177ababd3890b2","id-d38e46927cb5ac0bdb7c99ec6031d18a",""
"id-622f59199f3e9e509a199a4f29172015","ServingRelationship","","","id-37756b3348eb584d8bd53ed965dc0592","id-2e17f51baba18b35c560eac73cc77369",""
"id-cf877ceb614bb3d936d722baa5400bb5","ServingRelationship","","","id-061990a9ab195f30f1119da5e44d67ab","id-afbe1838ddbb3030f3e8963011c5b34a",""
"id-68ae7938fc3b7bc1e5a8680355c4a5f7","ServingRelationship","","","id-9c6d8d8988c1b70e0950551f67cdf993","id-d9b84dcac8a9f5d3f78b9b833245f71c",""
"id-472aa5580c11a3eb2208f05a396b37c8","ServingRelationship","","","id-68c85bc6f760a4e975f38967cbf7acd5","id-784fff44f26123245508530f3fb371ec",""
"id-2e9eb36db24275fb5495806819698cc1","ServingRelationship","","","id-332de9478acc375fea7e5854cfa47700","id-b685dcbaf4a21ad7d008015cbb6b6133",""
"id-660a53d057fc80877ed5d6860058a20a","ServingRelationship","","","id-5e26b0b78729679597abec9a851838ae","id-8b8ac1101645193c9a27f4aa22f556ac",""
"id-14f6efaafd50c385297457704b2af71a","ServingRelationship","","","id-240e2c48a647739c41d01cc0142d309c","id-3830a8fe9fe691988edfdf294fdefd8b",""
"id-f02cac3b49015a97c0a945db910311c6","ServingRelationship","","","id-7c39681a35804a2bef94107e1a8d44dc","id-bf1a760f9532d2226aed5967a500398f",""
"id-6d2f92be69a1b2f91c7929a49eb9dfbc","ServingRelationship","","","id-a79e9aea3c0ead00805ba26d12c85e58","id-a32ae42785cc3edea4242ec1e93b68ba",""
"id-f78c1a745863233fa2be637e975b26d5","ServingRelationship","","","id-7d445ab1b6a63154ad8c84d6e1044b1a","id-b9a722aa5ca2631bfffd34f1f96f09db",""
"id-a420de47f086775e9bae19f183430bf9","ServingRelationship","","","id-a60834721ac8011c113715b349938171","id-d5e555645260b363327c083255afb1de",""
"id-394f63fd31275c5f79d8e9c510808925","ServingRelationship","","","id-24809b00b1b8de80c70e60fac3df8368","id-40421e1e3288c7068c9c3d88ab16d6e3",""
"id-0c5a96c1e23f7f008ea62682b5e47c37","ServingRelationship","","","id-3747ea0f23d1ab5ba6222e07256e1d69","id-15999cf59def1af67130495900502068",""
"id-b45a5228017bd3ed34e568435c3e4e1f","ServingRelationship","","","id-db0f30a5bc0c0374a378a0b8b8298bec","id-890e139f1fce38a59c6417b1ee4426ba",""
"id-bca6a90acc8a98a1b5614de5d353e9b9","ServingRelationship","","","id-b4e229e94e8e897db0a6a44989f5c53f","id-189074f9ed4b6d71407df5b5c50040b8",""
"id-79005842b6acde141a420cbf19dbb8fd","ServingRelationship","","","id-af37d4b1d653bc78ca6b0293a38cabc3","id-e6a97427e032e2313684db6800e06a59",""
"id-bafe8c258d131e2aea076bcf90357bc4","ServingRelationship","","","id-8f2de80f549eadeaddd1e3cc850a88f6","id-93518217d3692f858783e9da31a9f821",""
"id-0a2a4d7f73e4dedae67160d52305d24e","ServingRelationship","","","id-82d88fdcbaf9ca5b73b6ec19e45b4c56","id-1d6f9e2b7ce85ee30c4045b2650358c4",""
"id-70ab1a994b68ef8c9a962632c8549895","ServingRelationship","","","id-cf74b1921b60f84f65df1bf486770fb7","id-e6a97427e032e2313684db6800e06a59",""
"id-a34d619e0218acf6fc5de5205d4cc33a","ServingRelationship","","","id-b7130397ec00c0b4f5e1a713ce4a8736","id-9c06ce16ebfd1c03defcdb9d1af15992",""
"id-889b092f05a80ec29b4c13969b7103af","ServingRelationship","","","id-0ddcc8f2d6f125303b281608e63a9a94","id-474732d8c8116b87403fc12008d79809",""
"id-77cd098a0606e2b9a30b1114b743bfcf","ServingRelationship","","","id-40da111c69efe2599b4c905a1a60389f","id-f0f7e5d59bd3ff1e77e7ba050525d5a0",""
"id-c1f5bc1fb20ac3483d440e2c50491d8f","ServingRelationship","","","id-773c032fdaa883118e46e65cd16c50ff","id-b850df1dc6219f18c03bc0239c7d30e6",""
"id-8f4465d1dc4b2ad2cdd507b9dfc7e183","ServingRelationship","","","id-2a60ea59e0862ff4a938b7f37c9633f2","id-a14aa99958ceeac92d2dcf14d35f7006",""
"id-357b9c61710ec2abbbaefd592dea4a39","ServingRelationship","","","id-5a392d0ecb8a2cbf1713595b47f6e65d","id-870d6e9e13dd829499b0bc399a838b7f",""
"id-5355bfd2a8eb129d73e84f11556ab785","ServingRelationship","","","id-17328ed9350743a9ecdfa5dda39fe43e","id-15999cf59def1af67130495900502068",""
"id-3e4953909b66659d04fb40f5db3e2f2f","ServingRelationship","","","id-cd28140431fcb3484e68026b06257e43","id-ee93ab089280fa0a1f3688ea6d4b9f1e",""
"id-03fce1885c47ebca1fdc796d8c176d56","ServingRelationship","","","id-3bf3ca4cc6282c7d872b548d91c0b6c3","id-d5e555645260b363327c083255afb1de",""
"id-8f6f7d51293c97cdad2bb334ff45cb59","ServingRelationship","","","id-b90db129bbea4a86cb6f18a1cf336768","id-be66587bd1ade682bf7237a3d14d86b7",""
"id-260acc2ce66a8f090a19642fadb78e26","ServingRelationship","","","id-b882fb9b3a5038cebcbd0ab12a935301","id-0b265112217fbf3285a484a3c22e0b43",""
"id-1a7dbc7e88c531e44914b0a5f86633de","ServingRelationship","","","id-d1c4df01c3242ea9b07ee0f9d130244e","id-86391f4e7ba2ad45a286e10d52bc7cf1",""
"id-79451cfb6bc094e2b535ad9c306b5d85","ServingRelationship","","","id-8f786329c81b3efe3bf85f3eec997adf","id-7fbeb10d45c466e15cacf6d0377a5d57",""
"id-ad65de98928e3a97cf0501a57286e6d1","ServingRelationship","","","id-f627755fc9852f128efb37ea3580e5a3","id-f627755fc9852f128efb37ea3580e5a3",""
"id-8b691ebf56223784fcde719483f26817","ServingRelationship","","","id-78f80027e8454ef27a2916ccaada86b2","id-2ef562c6cb0ee9727ff3a7e342ca32f3",""
"id-5c08f679b0293dda4f429f915e876c1c","ServingRelationship","","","id-98e3473ea45cb4db43555eda0c07146d","id-93518217d3692f858783e9da31a9f821",""
"id-3487389567ec1104b65a7c15bd4cb1be","ServingRelationship","","","id-b499dd6bf5ff1a6ff7fc125b95b07275","id-7b32d296e05be5af2167e181aba6c781",""
"id-130592a3b42644b5d43c20848609167f","ServingRelationship","","","id-fd1bf4a2f07f053aa61a7dc4e6d317c4","id-e6a97427e032e2313684db6800e06a59",""
"id-82e5258d69bdbb4654f6f9fedd86122d","ServingRelationship","","","id-28c53dcae03ef2be46d4aba8d9f790c3","id-287b7640edb99581c640a0f9df29a9eb",""
"id-f729c33174edbc740e911b10c67cefdc","ServingRelationship","","","id-2b74aaab9aa14ccc5f76828d36016e41","id-a32ae42785cc3edea4242ec1e93b68ba",""
"id-e5ad21176ea2a669392d39661855ac72","ServingRelationship","","","id-24809b00b1b8de80c70e60fac3df8368","id-6c59ebdf1cff078604b405a5ae590a6b",""
"id-9d66e3363f777bba595ec8587fca6a92","ServingRelationship","","","id-bd64028dcc2e6cc0458402044d423983","id-4c63346a78fd43f983b756e451e983ff",""
"id-aa98ddd07bcca14b3d638df3277bcaaf","ServingRelationship","","","id-d9de58dee6f2d8c1b01b463be61ff8cc","id-5e96542d809cd2a4bf08fbea5a004d90",""
"id-20f39dbb97f64b40d24559ccf73209c5","ServingRelationship","","","id-cb5bdefde2acdb95aeee95f5ece7a064","id-0b265112217fbf3285a484a3c22e0b43",""
"id-c6922570c51ca96283f24a5df4b68a03","ServingRelationship","","","id-9cc20ed4ebbe007f1a958bf34c419252","id-a93ba2015af0147aa1f21cc2ff0c5a80",""
"id-e1ed6dd6acf410ea80ed1a970a069ee4","ServingRelationship","","","id-556ca78f131e3ccd1937a16845e0fd01","id-1aff5e9f14b702573d9f6107aa69df62",""
"id-94841662877601dff09daed5168d2fd7","ServingRelationship","","","id-0b9118d89aff4f0329431d2b14679d34","id-248cf4321c0cd6c14781dbfdb278874a",""
"id-63895d70858bc3bed1a99a51e5d5b633","ServingRelationship","","","id-24809b00b1b8de80c70e60fac3df8368","id-cf299474211b2e24469ec679511e0a50",""
"id-01e731caed724fba62501f641dce2189","ServingRelationship","","","id-f80f45db93a4d7d7fe1a12ccabd7c6aa","id-2cd3006f0f9050702dbe8546cda5325e",""
"id-ea5e5215da8c8aece03695ae5df24dfd","ServingRelationship","","","id-af37d4b1d653bc78ca6b0293a38cabc3","id-d24d5937536ba7b4256d72462508265c",""
"id-e3561003628eb672ff5c08044044eaa1","ServingRelationship","","","id-b40952e93b980dc74e0a4aa9f15d38d1","id-5e96542d809cd2a4bf08fbea5a004d90",""
"id-1b26e239fa940c5a7cfb1cf097834ef5","ServingRelationship","","","id-101f6af910673ccc508bb2507b43f512","id-3da5d2cca036deb636d21a234b4472af",""
"id-3e711e952c90a4f5031a309b2eaf8927","ServingRelationship","","","id-3bf3ca4cc6282c7d872b548d91c0b6c3","id-3830a8fe9fe691988edfdf294fdefd8b",""
"id-edf37dbe8cad18d49406d25391ccae97","ServingRelationship","","","id-d0596740c92b3c366f62c4db20bf951f","id-06643b168f13130f44522b8e3f423388",""
"id-ef05679ca99b64dd3037df159c1f2010","ServingRelationship","","","id-66341693b624d3eae689c063323582d1","id-b337bc0611ba93b1e25ae8ef7ef717c8",""
"id-9457aba84f638c23b2acd21b05b8339f","ServingRelationship","","","id-f80f45db93a4d7d7fe1a12ccabd7c6aa","id-3b9519ba3ce7602802db43ed79201c23",""
"id-ba63c72eeacfaf4046999322d50b41b1","ServingRelationship","","","id-b7130397ec00c0b4f5e1a713ce4a8736","id-01e8721a867afd36a5d83be2a14eb063",""
"id-0d5a58bbae7df9c177a50597b9775390","ServingRelationship","","","id-42626a634f180ab3f8b143066d4efb1e","id-a32ae42785cc3edea4242ec1e93b68ba",""
"id-540c6109494cdb2274e2724799b12529","ServingRelationship","","","id-24809b00b1b8de80c70e60fac3df8368","id-6b7e3e00a791513614ccdc52eb585749",""
"id-03a40a9c3ba89abcaf31657ed1fe15c6","ServingRelationship","","","id-52b58b53b664ce94d9f418fd0e713af9","id-3b9519ba3ce7602802db43ed79201c23",""
"id-d7c088dd8937b29ae8407168fec0c044","ServingRelationship","","","id-b11507181e1f4cfd85bbbf8416a6e377","id-64569e497777cbfb565489abb303ab60",""
"id-b2120fc5868ceda59660a7b46769596c","ServingRelationship","","","id-4de2d45fecc933a51ae1d85858316308","id-3830a8fe9fe691988edfdf294fdefd8b",""
"id-e88cb4e8e39dae0a0873be782bcedffc","ServingRelationship","","","id-50b8f5ffbd5a54826b6e4a1cdd3e3133","id-784fff44f26123245508530f3fb371ec",""
"id-df54a5bb26637d34902c662de2d300c5","ServingRelationship","","","id-24809b00b1b8de80c70e60fac3df8368","id-8b8ac1101645193c9a27f4aa22f556ac",""
"id-1efc327a7ee010a0cd4aa80ec9114ad6","ServingRelationship","","","id-28c53dcae03ef2be46d4aba8d9f790c3","id-a21fcebd82607cc213b57dc239572a4e",""
"id-47af3b61977b0286077a9ae9cd8700f8","ServingRelationship","","","id-28c53dcae03ef2be46d4aba8d9f790c3","id-9866e165fcae1185204ec68fe5a2a014",""
"id-15b8b11b839fb9ffcbc9693f7ee0693f","ServingRelationship","","","id-f627755fc9852f128efb37ea3580e5a3","id-15a0d6bec80fc381e2340be1fb982c99",""
"id-0d0353c0fe520b8a2b1a24d578b32d4a","ServingRelationship","","","id-5330e2ac5f57272b10d333bd5ed03af4","id-00a67382a08a3fa73cced17cd97b54c9",""
"id-ed351d3ee21dee63bb7da171a3a8c0e1","ServingRelationship","","","id-bbe4dec59bfe603bdc5f12df9768e18d","id-2e17f51baba18b35c560eac73cc77369",""
"id-70abf1eddfb6d00f0b265851765f1a24","ServingRelationship","","","id-3bf3ca4cc6282c7d872b548d91c0b6c3","id-0581fb74c4f96f1c77b2cfc23b2fbaf4",""
"id-ea2a2abdb70ab8d42d542ad6570edef5","ServingRelationship","","","id-a86c81e4ed4639e48d6a5c41ae2f1331","id-b59de3d9a274433973669121938ffd2a",""
"id-51094e209ce647646c68142418d2cb27","ServingRelationship","","","id-7d445ab1b6a63154ad8c84d6e1044b1a","id-8b9ba7173785035096e972a4d4024cc2",""
"id-e960735b38f5ae8e69eec590d1f64bcc","ServingRelationship","","","id-a32ba75e4183cfde04cb6e34c13b3185","id-7710f7f48da84c102734b0f6b512f01d",""
"id-add2763cac29ac1b51938c6f67fbf108","ServingRelationship","","","id-3d8daf30bea97b1f4ee448b5b7199cca","id-46f7892ded1e514e2a3a59cf702b6cc1",""
"id-38fb1df2db3c74861cd2d549c7c334d7","ServingRelationship","","","id-fda5dfffa1301ead433679ae2a2dcd8a","id-e542643abae0f7eaf2f19b0a1a255fa2",""
"id-5e014cd13c456688a6836824e6841e4f","ServingRelationship","","","id-b8debc9af89b06842030a79df4ceaff2","id-d9b84dcac8a9f5d3f78b9b833245f71c",""
"id-292c826129e5cf9a18a33e3966d5ab94","ServingRelationship","","","id-5e26b0b78729679597abec9a851838ae","id-40421e1e3288c7068c9c3d88ab16d6e3",""
"id-d39f322a2b76f743d3e7b9df60dfe49f","ServingRelationship","","","id-2aa813545990f2f53f804c53776f373c","id-3f2e641b6a713210aa29070ea7643c94",""
"id-abab0be2aabf1e983fe85d80e91acc99","ServingRelationship","","","id-f80f45db93a4d7d7fe1a12ccabd7c6aa","id-4c63346a78fd43f983b756e451e983ff",""
"id-b584d8c55ebfa40b9d16426116ea1d01","ServingRelationship","","","id-8879d6614cfdc1a768ce420db49ae4a8","id-58c885afe866a201c7aa7b648237cf9d",""
"id-fab16b2a110add785c8446e0c5fe391d","ServingRelationship","","","id-1c440362dc2d1fed6d17d9419a94fd97","id-1c97f1fa94f07ce02a309c9f0d59a998",""
"id-7aa0f1080563da678d7b9f936ed058a6","ServingRelationship","","","id-bbe4dec59bfe603bdc5f12df9768e18d","id-df78e8cf7f092236f8e81c6833d23d34",""
"id-3cdd8a079a35dbd3f18db99194e77531","ServingRelationship","","","id-b5494b9464e228c9e7db7ab767767822","id-8e3ecfd01086513c7c1ea94bad6dcb27",""
"id-f9f4b4aeaa4264020f32ed5c4a7382ad","ServingRelationship","","","id-897b8efbc59e59995933bc495bb549dc","id-b337bc0611ba93b1e25ae8ef7ef717c8",""
"id-c9f48eac8a3db049389f710c06425c7b","ServingRelationship","","","id-f80f45db93a4d7d7fe1a12ccabd7c6aa","id-3b546991e4308aee7f5e67e06e1698a6",""
"id-9fa27c8e072e4a48637b8777cc6a295f","ServingRelationship","","","id-54ef25a186d01bc546cdc049f2345255","id-a30e9c06b1f9ff7c10e1c0d20c9c3cb4",""
"id-2f405364853452325bddb0fdc23d23f9","ServingRelationship","","","id-e3bac713c8d6a3cba84166ab07d0c7ac","id-b337bc0611ba93b1e25ae8ef7ef717c8",""
"id-7320a41c5923a50acc93b91111193fcb","ServingRelationship","","","id-c9421ad649c81b97d3322afdb616db26","id-7710f7f48da84c102734b0f6b512f01d",""
"id-ca8ac677fe6384012316f0f41e4fb6f2","ServingRelationship","","","id-5c63b14b58d6988b38b055312d934aed","id-15999cf59def1af67130495900502068",""
"id-08f2df19f9e342801e9fa068c9e12283","ServingRelationship","","","id-9b304b9b4eb5ccd5991441fd861e614c","id-64569e497777cbfb565489abb303ab60",""
"id-7ee354aa623b63dbdc7144d811a159c2","ServingRelationship","","","id-db0f30a5bc0c0374a378a0b8b8298bec","id-b337bc0611ba93b1e25ae8ef7ef717c8",""
"id-ec05d8fe900644dbeb210e2bedfb52a4","ServingRelationship","","","id-3012217f2ac7d98c0bb7088c228cc696","id-ee93ab089280fa0a1f3688ea6d4b9f1e",""
"id-6a50760f11c475d677a02f356f27aff5","ServingRelationship","","","id-a0b4e7bcbd623d8b81d5f7612388206d","id-d24d5937536ba7b4256d72462508265c",""
"id-7d13b86cc124931211db84ba7e2a7a90","ServingRelationship","","","id-7d445ab1b6a63154ad8c84d6e1044b1a","id-3da5d2cca036deb636d21a234b4472af",""
"id-f4f41428129f16e921e251507471ae28","ServingRelationship","","","id-fda5dfffa1301ead433679ae2a2dcd8a","id-810c4ae650452e79787d72dc1e445aca",""
"id-2ce89b8b7ffb8404476dc6f067116339","ServingRelationship","","","id-fe98d7511fbb2499a46ed073c0b566a2","id-2e17f51baba18b35c560eac73cc77369",""
"id-d49d7072cb5130713ff2a32d41ebf294","ServingRelationship","","","id-3c8cb9201ceead598c633bb7d9d060f5","id-a14aa99958ceeac92d2dcf14d35f7006",""
"id-5ef824c367ec8c60ba42b32a1ab732bc","ServingRelationship","","","id-5aed27f5e74ce4e14ce2c070802e588b","id-5aed27f5e74ce4e14ce2c070802e588b",""
"id-4fb3b73a571c010925228a99134cf040","ServingRelationship","","","id-ea607224e3feb2606edfa60830d1cf5f","id-bad1b279b76630428bfc88451784ccb9",""
"id-be26b0c517a0aa700f19e931f40cde08","ServingRelationship","","","id-5a392d0ecb8a2cbf1713595b47f6e65d","id-bf5b85698a48eb6dafe97cacf3f65401",""
"id-2e7c8c6499c9ec6ec9409dd19285de2a","ServingRelationship","","","id-b4e6b25902450788dadc2947cdfaf347","id-d5e555645260b363327c083255afb1de",""
"id-1f4e96c1c570f06d9fddc2d3ab825245","ServingRelationship","","","id-761e793da24d1a616f95e332713ac135","id-7710f7f48da84c102734b0f6b512f01d",""
"id-b3f810d34ec3a2361f7407be811c6091","ServingRelationship","","","id-1a86ddcdf80ae8f7d088edeb66b1b0be","id-7fbeb10d45c466e15cacf6d0377a5d57",""
"id-b108d1112ba048635b7185aca5a74904","ServingRelationship","","","id-d35dc5a15a3cec346892205d3164a4c1","id-4c63346a78fd43f983b756e451e983ff",""
"id-f9c60ccd8b307ba635772c8be321c998","ServingRelationship","","","id-cb5bdefde2acdb95aeee95f5ece7a064","id-2c83794df6afbdba9c0b7f6a86d996d9",""
"id-176a5de8ee16892898bf537b13fe974c","ServingRelationship","","","id-37756b3348eb584d8bd53ed965dc0592","id-18f0d75642754eb351922ebe853e6241",""
"id-1e1c09cca09168959dc93ced08bbe400","ServingRelationship","","","id-c959907158b2803dc0380c7fe0b16055","id-e6a97427e032e2313684db6800e06a59",""
"id-7e176ec189406406c39a6bfa86b733cb","ServingRelationship","","","id-a0b4e7bcbd623d8b81d5f7612388206d","id-3830a8fe9fe691988edfdf294fdefd8b",""
"id-73e2999ba264ae44ca8afc45d94f6f0f","ServingRelationship","","","id-bbe4dec59bfe603bdc5f12df9768e18d","id-18f0d75642754eb351922ebe853e6241",""
"id-ea7b22422c2d654fb649e1f852c8577a","ServingRelationship","","","id-74cc7b373aecde8f373f3346a61caffe","id-df3aaee55d5f5d4ac110df77ef2a0919",""
"id-fa7d7285a1d68899c542dc68338868e8","ServingRelationship","","","id-e7489d4e4428f632d2cfd3056cf92e91","id-a7893c04e8c2dafebf100fc3f2afb087",""
"id-cb581af6de1d3c695576a2a5ca3e8466","ServingRelationship","","","id-28c53dcae03ef2be46d4aba8d9f790c3","id-01e8721a867afd36a5d83be2a14eb063",""
"id-e5a8429feb39a2cdb151039d0f0034c9","ServingRelationship","","","id-2ea5452e7294b7a3ea219fb8a5c978f8","id-f5c3af3b9fe102cc3ea55db6725c5567",""
"id-5e1329688227441e5610db486c755b75","ServingRelationship","","","id-d369ae1f875808503ef65841f7b71b99","id-1d6f9e2b7ce85ee30c4045b2650358c4",""
"id-b382b83b9b777b6ddae7b5b010ff1a4f","ServingRelationship","","","id-09087edabebc4ca3cc37927983ad365c","id-b59de3d9a274433973669121938ffd2a",""
"id-642f4bbda98ce0c8fa29e3e80cde84f2","ServingRelationship","","","id-a61643f76458b12e0b58911c057b39a5","id-784fff44f26123245508530f3fb371ec",""
"id-77219fc1a1c293ffa61cbcb7523dcd28","ServingRelationship","","","id-ebc74d529450c5e7109b11e6b4bb6b2b","id-a32ae42785cc3edea4242ec1e93b68ba",""
"id-2b338fcb45f476e56bb0fdec9310192c","ServingRelationship","","","id-13c4c25e1c1a233ce737a632cd4600fc","id-36a474c226a249122496d3af1eb767bf",""
"id-67b0f6ed7c38a720e74c71d1b7d0a5b6","ServingRelationship","","","id-21b2db97e9c3a452f96bcf840833a3f0","id-7710f7f48da84c102734b0f6b512f01d",""
"id-eecc5470eddf6c718b4ec55a0283d28e","ServingRelationship","","","id-79de6f0ec034ac4d2f21effcc9e55835","id-3830561200a795c62ade8ad3304b7e86",""
"id-bbb2f537d209ba37173e103700b17ed8","ServingRelationship","","","id-b90db129bbea4a86cb6f18a1cf336768","id-b20c189c29ee96c25314d57345a4cce4",""
"id-9456c211a34e75d078ffe60b5872a5a5","ServingRelationship","","","id-d9de58dee6f2d8c1b01b463be61ff8cc","id-65bbbff289312b2cd72bb6d3303230e8",""
"id-e1eb5a7f2ac2d25f5aab2846c7145f9c","ServingRelationship","","","id-d9de58dee6f2d8c1b01b463be61ff8cc","id-d4e74ad5971cb2b65da53591c06e60a9",""
"id-b4eb11511c1fa84c7b483354f66e46a4","ServingRelationship","","","id-7e29c42cccfe9be795a41363ebcf56f9","id-b685dcbaf4a21ad7d008015cbb6b6133",""
"id-964d44b5e44f9d6d5813cda64648c8e0","ServingRelationship","","","id-3012217f2ac7d98c0bb7088c228cc696","id-a32ae42785cc3edea4242ec1e93b68ba",""
"id-a28c8a2061f7a0940a299c274122b924","ServingRelationship","","","id-d35dc5a15a3cec346892205d3164a4c1","id-ab46f8319b6dd90226684bc1989577ad",""
"id-efb31232e49d7ce7f97f8c57429d3066","ServingRelationship","","","id-24809b00b1b8de80c70e60fac3df8368","id-b337bc0611ba93b1e25ae8ef7ef717c8",""
"id-34168580ffe4d2ce6dcf3eeb3f26c213","ServingRelationship","","","id-fa009eca0042e6699d607e516ccccf88","id-b337bc0611ba93b1e25ae8ef7ef717c8",""
"id-88d1f18f0bf434db52a960776edbb11e","ServingRelationship","","","id-5bf4a4449ed42f3cbc5ab1efff4ecc20","id-8729e646d2de36c71c4c9ff98082395b",""
"id-f8b69bedbeeb24b605847a9b2808f825","ServingRelationship","","","id-3f4b68754d70cf93512d693d35d01096","id-d38e46927cb5ac0bdb7c99ec6031d18a",""
"id-975f1b2b3b6ae983033a4c1000b5756c","ServingRelationship","","","id-bb25b08d53338a7c5cffa9614de392d3","id-8470d57162af38349614b64857b832ed",""
"id-b331b9d341a662792022c4ba5139ed98","ServingRelationship","","","id-f88ec242e3fbff747f48364ffa01237d","id-a21fcebd82607cc213b57dc239572a4e",""
"id-a8618c1433d86987540342b662a3e9e5","ServingRelationship","","","id-de1eaa67ac2f6b8e1f38b13230ab5873","id-15999cf59def1af67130495900502068",""
"id-6d1f404e90d39b0fd4bf7dbd982f7064","ServingRelationship","","","id-240e2c48a647739c41d01cc0142d309c","id-e542643abae0f7eaf2f19b0a1a255fa2",""
"id-d4300b3c52109662fb5dca49f9162317","ServingRelationship","","","id-58c48f69e06c23a66fbb2c7f865e4344","id-189074f9ed4b6d71407df5b5c50040b8",""
"id-eec82008e2dd58115bb631945d20fe41","ServingRelationship","","","id-b26c9f518a1988b4508000e7b4e8276f","id-7710f7f48da84c102734b0f6b512f01d",""
"id-a9325bee578f2c434981b60b3d115b8e","ServingRelationship","","","id-ee2b2c65d25a14213ec57d51ce71c9a8","id-061990a9ab195f30f1119da5e44d67ab",""
"id-733da97b2c3024e2d3bf371f13503dbf","ServingRelationship","","","id-f88ec242e3fbff747f48364ffa01237d","id-9c06ce16ebfd1c03defcdb9d1af15992",""
"id-a32e100fe8d1452b30005b1e5fc85324","ServingRelationship","","","id-5dd15a4e81c1d6d9717ce6c8b252eb63","id-b337bc0611ba93b1e25ae8ef7ef717c8",""
"id-021203267120c918d8e5ae215c2de86d","ServingRelationship","","","id-06360cb64686bb9edbe7558014c784c2","id-b59de3d9a274433973669121938ffd2a",""
"id-aacceaa1384d54765a6288244016e8c5","ServingRelationship","","","id-32b6c40b3dadbbf16ecb869d40e5249f","id-e6a97427e032e2313684db6800e06a59",""
"id-35ae3c72b36e53ee8c2475a8ee1d6e6d","ServingRelationship","","","id-016aeefaddbd99e31045797f634f5d5d","id-98eb59ea5c4c459aaa999b6c408a85cf",""
"id-64f30adc7ad0cdca65f8ecd0ef31e85c","ServingRelationship","","","id-ccfcb528d21d2fe4447121222d86d413","id-df78e8cf7f092236f8e81c6833d23d34",""
"id-bdd95839ab09edf47941541c220bd449","ServingRelationship","","","id-1b2822b87d3816dc03aad0c7965fea19","id-810c4ae650452e79787d72dc1e445aca",""
"id-13ea9a430d9e45317d5376cc0197e85c","ServingRelationship","","","id-5a392d0ecb8a2cbf1713595b47f6e65d","id-0581fb74c4f96f1c77b2cfc23b2fbaf4",""
"id-e1a2fe491342e47f9814398d523e49a4","ServingRelationship","","","id-2639daa0289cf9b3ffe9fab6b3fc7a27","id-0244688fcd6a2109a1eeabe964c2aabc",""
"id-6f6caaf2d1d7006f278b353e261ae10e","ServingRelationship","","","id-46069ab93026d5015313eec11e8880b3","id-1d6f9e2b7ce85ee30c4045b2650358c4",""
"id-2f167c047fdd0873c4f29396ec339c88","ServingRelationship","","","id-086d0330afe3609d1dd66a52f033d26f","id-942dad2dad3d1904bbb8dac29b9e002d",""
"id-d3bdb64180d96c653b4665e2bfbf7575","ServingRelationship","","","id-af37d4b1d653bc78ca6b0293a38cabc3","id-d38e46927cb5ac0bdb7c99ec6031d18a",""
"id-216635b7b93ed83b15f13edae317d020","ServingRelationship","","","id-bd64028dcc2e6cc0458402044d423983","id-2cd3006f0f9050702dbe8546cda5325e",""
"id-5bd528dd17880b844b3401de089bb5c0","ServingRelationship","","","id-096ab3e515590bb7ef8cfb65d9ad91e8","id-2ef562c6cb0ee9727ff3a7e342ca32f3",""
"id-4decbbd5624638a7eaa590df5795c5df","ServingRelationship","","","id-74631cb7143cd190b7de9376d47bb466","id-2cd3006f0f9050702dbe8546cda5325e",""
"id-f836984db77df103a311051b94138199","ServingRelationship","","","id-59ba413ab57168862a4c540aa6171ad0","id-7710f7f48da84c102734b0f6b512f01d",""
"id-e46c06683b3675b575cc6f9d9d7cec7a","ServingRelationship","","","id-6d82b796108e0e8efdc61da7036922d0","id-406a535ce7db4d250fd8598377283f64",""
"id-9aa94b9b4ea6615ae19fc570bd0107ad","ServingRelationship","","","id-6d16aa5cbeeb244df8325e96eac488a2","id-93cdabbc4687720f293d8142a5009459",""
"id-8d4e418d162011b824163b4ac76cb2f5","ServingRelationship","","","id-6a466d971551d864d839ca7451e8ea94","id-7710f7f48da84c102734b0f6b512f01d",""
"id-9f559f4b09758aa4ee1318dd44026d50","ServingRelationship","","","id-d072d92aa3fd6ae0a6a6b084e8b95e5d","id-15999cf59def1af67130495900502068",""
"id-f35d22b71d05029b8695ff7622cef36c","ServingRelationship","","","id-ff2b93631d57b7ad4748acb55353937d","id-7710f7f48da84c102734b0f6b512f01d",""
"id-0ed31791082c185f124e65778e9eb8f8","ServingRelationship","","","id-b7130397ec00c0b4f5e1a713ce4a8736","id-29b97d01f368edc9ff9c98e5076115f4",""
"id-1879557ed64b985228dd771d289f300b","ServingRelationship","","","id-ceba7039760c56c046fc4e902d95e5fa","id-4753e0bc69bdf9aee6938bdf2b76bb43",""
"id-6dbd5bfbfceb5bd19e0652292cdd3c9b","ServingRelationship","","","id-0c97e94cb61db672d4802b8e9c7c034c","id-93518217d3692f858783e9da31a9f821",""
"id-9aa46bde26759671604d40e5d322df5f","ServingRelationship","","","id-a7796fa5861153981a981589251e2cf6","id-3011f907bfdd11429b4409833f4f1a1a",""
"id-2216f3604c49e0a48227cae6ab8b967a","ServingRelationship","","","id-db0f30a5bc0c0374a378a0b8b8298bec","id-40421e1e3288c7068c9c3d88ab16d6e3",""
"id-abcb19fab81173953069d3944d063599","ServingRelationship","","","id-4ca091ad3e03784c30bb1b1472ef6ce4","id-1c73293ae9edeaa14ec1b75ce83a2a75",""
"id-ca44b31a29525e14968a5958eb7f15ec","ServingRelationship","","","id-351baa3ecebb76cf17bec2fd539e6b4d","id-f586717ac41d8729e4a3e11f525855e8",""
"id-c5fcfbfc15e174c2a5a0812a442fadd9","ServingRelationship","","","id-b9a9c574c155aa8ec34ed3ce07d4ebd5","id-df3aaee55d5f5d4ac110df77ef2a0919",""
"id-41a6ba8a538db5829ab1dc4701439e42","ServingRelationship","","","id-37756b3348eb584d8bd53ed965dc0592","id-644e585eea269f76806da611e54ab216",""
"id-a1d5d4a14c35b6085c78ea437f412751","ServingRelationship","","","id-17328ed9350743a9ecdfa5dda39fe43e","id-d5e555645260b363327c083255afb1de",""
"id-cf2d0d3444306f0be6fe5b6ffa12a7bd","ServingRelationship","","","id-ac472cf779904a4aad9a4a9d2100d585","id-a32ae42785cc3edea4242ec1e93b68ba",""
"id-edd0f7da7d3b1217b15cd5a2cc4dc2cb","ServingRelationship","","","id-46b40c54ca2d88078a65ee1384ed2ff1","id-7710f7f48da84c102734b0f6b512f01d",""
"id-4d3bb46d5d91436e94a61ac11a312753","ServingRelationship","","","id-a83dbe155e59730fe7efdb7f89b3dc47","id-46f7892ded1e514e2a3a59cf702b6cc1",""
"id-445732414e75cd0aa7d0d46b0f5c212e","ServingRelationship","","","id-ec6e76e5ee1cb4f09399d99c57de0385","id-ada9b5e5efd73e43527c4f4cfa6ceacb",""
"id-34d4e99fd3abca092ec81451aa5a2de7","ServingRelationship","","","id-bb7ec7bc14f0d06f1c9831ed79a99341","id-8322c67ae48003815d71302df22e6d9b",""
"id-10a24a1ac728cae0bd403ff0212b6371","ServingRelationship","","","id-17328ed9350743a9ecdfa5dda39fe43e","id-bad1b279b76630428bfc88451784ccb9",""
"id-25c045b2f6fb2d6b9c7b7cfb075d16ff","ServingRelationship","","","id-db0f30a5bc0c0374a378a0b8b8298bec","id-1d6f9e2b7ce85ee30c4045b2650358c4",""
"id-902b6cb90fc150fa637bebecd649f7e0","ServingRelationship","","","id-ec77364fcb498d9cabf8c39e00c4fb1f","id-810c4ae650452e79787d72dc1e445aca",""
"id-ffce779009cd9207baca9487e51a86c2","ServingRelationship","","","id-46069ab93026d5015313eec11e8880b3","id-c6d5ecd20711d003f4dd7fe91c9c5bb9",""
"id-218b91796eb64d7fa6f2c28a7cf5e96b","ServingRelationship","","","id-081df702ac1c5494be73f01d53efe65c","id-3830561200a795c62ade8ad3304b7e86",""
"id-0d9fd3480bf1bcdbaab43a2dfd2d884a","ServingRelationship","","","id-576cc4197d2840a7924445f9152c3faf","id-53888886c053075362719878c3c1feeb",""
"id-249a7a375c80648c6cd7158bd8a32bd7","ServingRelationship","","","id-332de9478acc375fea7e5854cfa47700","id-3b546991e4308aee7f5e67e06e1698a6",""
"id-efc3c8719d8f860f7b2eab2c99dd09f9","ServingRelationship","","","id-a69a2e711db27104fabdf8417c673232","id-248cf4321c0cd6c14781dbfdb278874a",""
"id-5704ff2a6206c8c10fb70adea2eb12c7","ServingRelationship","","","id-086d0330afe3609d1dd66a52f033d26f","id-683bb534b3e6432e5ff95e8a2aad9ae1",""
"id-c2c2a5edd178bcaa4c52c7fafa5c4c4e","ServingRelationship","","","id-b828875867ca1b25b4cb4458753853a3","id-5e96542d809cd2a4bf08fbea5a004d90",""
"id-5ba280d14f5430351e27f950bd450ee0","ServingRelationship","","","id-ed7850f2273900840bacb672c44f8f1f","id-3b546991e4308aee7f5e67e06e1698a6",""
"id-6db786dcc267cde73fe64f1b385aceb8","ServingRelationship","","","id-907967854a1ca7aaf0f706581b69dc9e","id-df78e8cf7f092236f8e81c6833d23d34",""
"id-7a11ef8de60596b9d5217f8d91e7b403","ServingRelationship","","","id-3f2e641b6a713210aa29070ea7643c94","id-b59de3d9a274433973669121938ffd2a",""
"id-a633b3f035a2911d277dab8888e5097e","ServingRelationship","","","id-af37d4b1d653bc78ca6b0293a38cabc3","id-29b97d01f368edc9ff9c98e5076115f4",""
"id-0ccdabb9dec6370ab74b30c24e82044c","ServingRelationship","","","id-ed7850f2273900840bacb672c44f8f1f","id-503672d8d08c29518b8c252a0df0dfbe",""
"id-69fbc9863f902bb2a15240dca4bc3558","ServingRelationship","","","id-a04f8ba82a7e6fa432b263dc55233c97","id-86391f4e7ba2ad45a286e10d52bc7cf1",""
"id-a2f2c8c678e589beb4c59c85a883672d","ServingRelationship","","","id-7e0f895afa9605ab50f6bf9b3ed3087f","id-4753e0bc69bdf9aee6938bdf2b76bb43",""
"id-ec2678dd3fb5ccbf70ace9bab1d0fb67","ServingRelationship","","","id-6778094a42c185f41cec4cd89938acff","id-a14aa99958ceeac92d2dcf14d35f7006",""
"id-d0fd620e6c65e20a356f6d8c0b6c2787","ServingRelationship","","","id-270bb61bca66b8ccce5827b7b35d8251","id-65bbbff289312b2cd72bb6d3303230e8",""
"id-e68ad256be913ca5e6c5b24308611e7e","ServingRelationship","","","id-24b65d2e9cca767b102ca0d9c40ff21b","id-c37e484956a14457ccf301fbeae20c5d",""
"id-684f3f61ad6b5eed086e5685d5362c70","ServingRelationship","","","id-4b2d6c2053352b65962f9db2a6fdfc94","id-e6a97427e032e2313684db6800e06a59",""
"id-01593ebc7a1b171bee25a3a94c84e2b3","ServingRelationship","","","id-24809b00b1b8de80c70e60fac3df8368","id-890e139f1fce38a59c6417b1ee4426ba",""
"id-36b8cf68de9c1011faaa7344c9151432","ServingRelationship","","","id-332de9478acc375fea7e5854cfa47700","id-06643b168f13130f44522b8e3f423388",""
"id-2caa36c0b7853503d0620ce9fb6a4a94","ServingRelationship","","","id-9c6d8d8988c1b70e0950551f67cdf993","id-a104bfb057584af0f903d0e2b7b0ecc6",""
"id-53a5513dbf502f862e6a121cee406287","ServingRelationship","","","id-058737e89825038a336888423dc5e693","id-e6a97427e032e2313684db6800e06a59",""
"id-5b3fe0c0ba8cda52af9d2f171d4cf50f","ServingRelationship","","","id-84278e91abe974661c1639494f7262ed","id-890e139f1fce38a59c6417b1ee4426ba",""
"id-861c33618572dceb9c82850f1075d53a","ServingRelationship","","","id-5af675978a200e86e6c1dfb23c72f6bc","id-2e17f51baba18b35c560eac73cc77369",""
"id-a21780dcf9fac60d00b093ad855b092a","ServingRelationship","","","id-0c639a999850337f99bedba4a377cbf0","id-2c83794df6afbdba9c0b7f6a86d996d9",""
"id-23ef3235fe124751b2c367ef1f62727a","ServingRelationship","","","id-52b58b53b664ce94d9f418fd0e713af9","id-8322c67ae48003815d71302df22e6d9b",""
"id-fcd285ef75111650b6cd39c40736e1f9","ServingRelationship","","","id-7039eeaa9644daf1827a3ad65a98ddbc","id-7710f7f48da84c102734b0f6b512f01d",""
"id-0d86eddc06525e6fa452548a4efff0cf","ServingRelationship","","","id-5aed27f5e74ce4e14ce2c070802e588b","id-15a0d6bec80fc381e2340be1fb982c99",""
"id-4cf4f992c6544478c68efd86028c8f81","ServingRelationship","","","id-27efc8c2194fd139e32fded2e22a0c60","id-b337bc0611ba93b1e25ae8ef7ef717c8",""
"id-a7bcb39f0f4230917a0f674842869fe2","ServingRelationship","","","id-bcd975f6dc5d084578ff0ef334b8879a","id-9f3bb034303c1d02042b320d38596754",""
"id-aa4a2757281f728c15fc13b63cdb6381","ServingRelationship","","","id-2d9d33ebc68bc2286452014cd0083f21","id-7710f7f48da84c102734b0f6b512f01d",""
"id-21da764b716bb97093d3fd5c10d0d08d","ServingRelationship","","","id-01279b7a45ed1b61c26272d82822f340","id-1c97f1fa94f07ce02a309c9f0d59a998",""
"id-3da723a430a576c2f90e78db4ae343e1","ServingRelationship","","","id-84278e91abe974661c1639494f7262ed","id-0b265112217fbf3285a484a3c22e0b43",""
"id-9473bc98210bc581cea7466144f37123","ServingRelationship","","","id-d6a76f7c22edfb86552bfa0db88229a7","id-f627755fc9852f128efb37ea3580e5a3",""
"id-42909e5d1984a244e75d0fbf421bba78","ServingRelationship","","","id-ebc74d529450c5e7109b11e6b4bb6b2b","id-ee93ab089280fa0a1f3688ea6d4b9f1e",""
"id-c16c5746ef95b4a88fae16bcd2a2c0aa","ServingRelationship","","","id-5182538b4e7e469af5b9373140a4c398","id-b337bc0611ba93b1e25ae8ef7ef717c8",""
"id-75d8afdd1ecf45ac89f641711aefd35e","ServingRelationship","","","id-c959907158b2803dc0380c7fe0b16055","id-15999cf59def1af67130495900502068",""
"id-8374fa2e8c64bcdfe771bece21e05de1","ServingRelationship","","","id-c69270d37cc0efa42097a11685ba3273","id-810c4ae650452e79787d72dc1e445aca",""
"id-6fa127fa697253d04952e09b0d31125b","ServingRelationship","","","id-ca58f8d91d40a32285f1185be593b2c0","id-a32ae42785cc3edea4242ec1e93b68ba",""
"id-9ca9bfefb96285cd6a94c4eebd3caf4c","ServingRelationship","","","id-cb5bdefde2acdb95aeee95f5ece7a064","id-66b3bd0bec3c623af18b9bd233f2b82c",""
"id-292165641fe38565fb79b2e3ceb50d82","ServingRelationship","","","id-e7e0ed6c463049def8617063953bbef3","id-d24d5937536ba7b4256d72462508265c",""
"id-e50f1df907e0ec1375f2d35cedfb9b7b","ServingRelationship","","","id-3c790f9de3c5e2b55da538210a93feab","id-64569e497777cbfb565489abb303ab60",""
"id-c004fe18e215cefecc38050cff388800","ServingRelationship","","","id-e33d57190a12bedca3ac810ce3206222","id-9dae38896bda458414c61e5cb856fa49",""
"id-d8b9408a2b14333add8c2e9c67b0302a","ServingRelationship","","","id-bacb1903add50973639849a738bb0411","id-1d6f9e2b7ce85ee30c4045b2650358c4",""
"id-8d08e2410ff7dc6e5d7fd83e06ba5e1c","ServingRelationship","","","id-ed7850f2273900840bacb672c44f8f1f","id-ab46f8319b6dd90226684bc1989577ad",""
"id-7cd73787c0b7d5095ee7a1221b52fed1","ServingRelationship","","","id-233c87570df225774b5d6aef73830284","id-b8fbca5df915ef9c35f89331b225386d",""
"id-65c667f72af75144b03ce20c568494a2","ServingRelationship","","","id-6a2bdf672bd97d1e439d760f2fb06474","id-942dad2dad3d1904bbb8dac29b9e002d",""
"id-68d0ce5a62090b135cf71f3a84f92b8b","ServingRelationship","","","id-9135bebfc71668019130f6ab6f3a897d","id-15999cf59def1af67130495900502068",""
"id-8a72ae9a157ec0b32dc0599461cbcd88","ServingRelationship","","","id-6d82b796108e0e8efdc61da7036922d0","id-a30e9c06b1f9ff7c10e1c0d20c9c3cb4",""
"id-1baa2585ad409b25c924aef0c127ecd6","ServingRelationship","","","id-125b75123886f5e596d3a9a36f7dc330","id-93518217d3692f858783e9da31a9f821",""
"id-23985988b178566f4741bff7066cfe80","ServingRelationship","","","id-9586836ad0e2147d20525bb7aac3a55a","id-df3aaee55d5f5d4ac110df77ef2a0919",""
"id-1178f2f3938efe1c028320c0265323dc","ServingRelationship","","","id-2d468cf15b313f40f001ee75b3c07f93","id-5e96542d809cd2a4bf08fbea5a004d90",""
"id-d294679d9977930ec7331cb5dc1d2e22","ServingRelationship","","","id-0c5dc130d8f0012844ced9ce2b7d8400","id-3da5d2cca036deb636d21a234b4472af",""
"id-b8556d84f75fa3bf7dd5fc2cbef32450","ServingRelationship","","","id-7e29c42cccfe9be795a41363ebcf56f9","id-9dae38896bda458414c61e5cb856fa49",""
"id-a917701e0483a05888e5d20c187aed8d","ServingRelationship","","","id-58c48f69e06c23a66fbb2c7f865e4344","id-d38e46927cb5ac0bdb7c99ec6031d18a",""
"id-df334878ddd2772de08a515ef1d62d04","ServingRelationship","","","id-7d445ab1b6a63154ad8c84d6e1044b1a","id-63e2a396a7e7bcba42f6fb3b98a77bbb",""
"id-c3f68fc08e46c7beb1407562404e0a5c","ServingRelationship","","","id-a79e9aea3c0ead00805ba26d12c85e58","id-ee93ab089280fa0a1f3688ea6d4b9f1e",""
"id-a2b7f4147fa4047e1659c72f8149cf19","ServingRelationship","","","id-442f627c9d8bfe2154bc17201a7d7caa","id-29b97d01f368edc9ff9c98e5076115f4",""
"id-3a26ffeecfcd331f23d7b6cf8450a111","ServingRelationship","","","id-d35dc5a15a3cec346892205d3164a4c1","id-3b546991e4308aee7f5e67e06e1698a6",""
"id-dd99f6d5d8333175696f1d81b7c1e045","ServingRelationship","","","id-ce5cb7c0a64ff5260fa5ef6c406fae74","id-406a535ce7db4d250fd8598377283f64",""
"id-6681799f664c090c1fbaf20ae1371f5b","ServingRelationship","","","id-f80f45db93a4d7d7fe1a12ccabd7c6aa","id-8322c67ae48003815d71302df22e6d9b",""
"id-26dbdc6352350569b26dba63a72c614e","ServingRelationship","","","id-78f80027e8454ef27a2916ccaada86b2","id-ff4ce568b4db5060b63c93dd2e8fea84",""
"id-4a418f8f590c5fd9e10d2cfc7efd727c","ServingRelationship","","","id-db0f30a5bc0c0374a378a0b8b8298bec","id-c6d5ecd20711d003f4dd7fe91c9c5bb9",""
"id-0bcb2640800bef51d5cffb6e3c632db5","ServingRelationship","","","id-f80f45db93a4d7d7fe1a12ccabd7c6aa","id-f586717ac41d8729e4a3e11f525855e8",""
"id-cb5b65e6f4503a40fe1f36c89119a5ca","ServingRelationship","","","id-ac70d33d7394302d6b42f98ad4aee7b3","id-06643b168f13130f44522b8e3f423388",""
"id-ee633fb48a621f86bb835faff255e523","ServingRelationship","","","id-90d87a8693f48ce7156cc4fef6da65cf","id-8470d57162af38349614b64857b832ed",""
"id-1d7d0d9acd8d762fa877cc90e0d33f82","ServingRelationship","","","id-b10c91c70271887b13af200c2820e633","id-d38e46927cb5ac0bdb7c99ec6031d18a",""
"id-719432803264dad7818e309a67885d83","ServingRelationship","","","id-b4e229e94e8e897db0a6a44989f5c53f","id-d38e46927cb5ac0bdb7c99ec6031d18a",""
"id-24b4942ae66bfd2c9932867596bdf3e6","ServingRelationship","","","id-7d445ab1b6a63154ad8c84d6e1044b1a","id-315172c0c185e04061459cf563340cf3",""
"id-3c8b1b5cd9786af81827c224c27e34b9","ServingRelationship","","","id-5e26b0b78729679597abec9a851838ae","id-890e139f1fce38a59c6417b1ee4426ba",""
"id-1cb069da9e49a3d22cfe1fb541dced3b","ServingRelationship","","","id-ed7850f2273900840bacb672c44f8f1f","id-2cd3006f0f9050702dbe8546cda5325e",""
"id-e3697ea75a5991e527b73e84e54d0140","ServingRelationship","","","id-b8debc9af89b06842030a79df4ceaff2","id-a104bfb057584af0f903d0e2b7b0ecc6",""
"id-f55994e461ed3410ab33005fef4519b0","ServingRelationship","","","id-4b2d6c2053352b65962f9db2a6fdfc94","id-15999cf59def1af67130495900502068",""
"id-9af3eeeb0e36971d2b6f771013bb2223","ServingRelationship","","","id-0d1657c18ec8ba954d42cb8e0ceced53","id-93518217d3692f858783e9da31a9f821",""
"id-a2b19916fba7171d3ef7802126da0a3e","ServingRelationship","","","id-f80f45db93a4d7d7fe1a12ccabd7c6aa","id-ab46f8319b6dd90226684bc1989577ad",""
"id-f5e040b90a59e14c0a9acb7be4a85558","ServingRelationship","","","id-24809b00b1b8de80c70e60fac3df8368","id-a32ae42785cc3edea4242ec1e93b68ba",""
"id-a8c62a73ceccf5705a359d20d296eeb8","ServingRelationship","","","id-4f540ea04bc0c8dd3cbc9e7576a8ca70","id-1d6f9e2b7ce85ee30c4045b2650358c4",""
"id-49fc14ea0ec85254af96c2018713c50d","ServingRelationship","","","id-f5ac0b15225f7d6a022e2ca0146dfbac","id-b337bc0611ba93b1e25ae8ef7ef717c8",""
"id-4de02628522ffe8876af638422899a46","ServingRelationship","","","id-8d8ae31dd4289f6040f686b2f72254de","id-65bbbff289312b2cd72bb6d3303230e8",""
"id-865e86fb12f26867fa77bf18e20678b4","ServingRelationship","","","id-bacb1903add50973639849a738bb0411","id-40421e1e3288c7068c9c3d88ab16d6e3",""
"id-d6497a0cf6387a759ee3dc02150b27d7","ServingRelationship","","","id-0d6fae6d3ce52a25f74ef642e03dbb16","id-b2a51f02ddbde5e48d7fbdbfb2c09756",""
"id-f63d50eb1d4630c1e162672a69c0b1be","ServingRelationship","","","id-f80f45db93a4d7d7fe1a12ccabd7c6aa","id-503672d8d08c29518b8c252a0df0dfbe",""
"id-46733dc29a45307d9e23b13cbf25398f","ServingRelationship","","","id-7bdbbe0cc5f64fc0c0ad46fbfa02a473","id-3b546991e4308aee7f5e67e06e1698a6",""
"id-3b76196fb8d9c38b323d10fbf3d91d89","ServingRelationship","","","id-b10c91c70271887b13af200c2820e633","id-189074f9ed4b6d71407df5b5c50040b8",""
"id-1cdfe1e344be818f7bc0fabe0d4387b2","ServingRelationship","","","id-e179b1c26dfccab134b465cacf6a3013","id-a32ae42785cc3edea4242ec1e93b68ba",""
"id-eab248a71c4d98d0e299d76e7c7ac77c","ServingRelationship","","","id-59b3fe27b1242f21b93157c72ef4560e","id-15999cf59def1af67130495900502068",""
"id-fdb0493f2781f339261ce65a48de1dd8","ServingRelationship","","","id-845ffb5d97349ae9d0607d36a75e5c23","id-7710f7f48da84c102734b0f6b512f01d",""
"id-edd7028cd3c4343ca2729d94bbc0cc24","ServingRelationship","","","id-5e26b0b78729679597abec9a851838ae","id-b337bc0611ba93b1e25ae8ef7ef717c8",""
"id-1aa003c9d1a1ce90731b772f6cdd64c6","SpecializationRelationship","","","id-84066d3ff373f7cf49c4724bed9ea2fa","id-3b518de389d2b8aa422e59d1990e3617",""
"id-75c51939dc502ca6ca9a5d4393346183","SpecializationRelationship","","","id-c4a6aa32a4b2d5193730060f8df7a474","id-3fd55fcf41c05edce18d9c8dac13d4ec",""
"id-8169455857a84ab3971d1bee49286e51","SpecializationRelationship","","","id-bf2fe8a90d804b594eda9ac634ac1b70","id-3ad28ccc5ee3c5e5b640fd5f642f7e9d",""
"id-1f1a636f4297534124c845cd15c7a411","SpecializationRelationship","","","id-e3c44a1400b2390142bff8db73bf5ebb","id-2e5b0e9bb32d1573658ad8e87361c782",""
"id-50b2f1b344e0a24d57b04420cadab263","SpecializationRelationship","","","id-80827911afdd766f0333fd0dc748a249","id-4f13f8885040a5dbbe5c3cad8bd732a7",""
"id-9c98447e87a538e4be0fe592a30b081a","SpecializationRelationship","","","id-f0ab044f2d4f4c2466fc53264a9cfaa7","id-6d5fa924e13a21b7b8693efc69c8ff50",""
"id-6fe7d80cfc312b619fea5d6f963a95da","SpecializationRelationship","","","id-cdc05266b00f076be00e93cb9774b9bc","id-2e5b0e9bb32d1573658ad8e87361c782",""
"id-dcb0605e02fc2438fade8f566ff33e6c","SpecializationRelationship","","","id-72b39f86ec58b05ffe2ae1ae9d0d5be3","id-41274b3774979a21add107a160c6e5f7",""
"id-a5f862c51f4d334967bfa2d4f95d60cb","SpecializationRelationship","","","id-944a41403708bbf74efad3e08451e98a","id-2598c7872c8ee403b0a552d6c3f678fb",""
"id-a3f4e3928538416c6fc9eb687fbac158","SpecializationRelationship","","","id-e73dc2b06bd6307e8617b2512e699cb2","id-882f0ccb56ed04d4f4ef6af9dcbd941d",""
"id-a088534686a473e7232e8852efaf4e0a","SpecializationRelationship","","","id-4f13f8885040a5dbbe5c3cad8bd732a7","id-a86e2c22d69c5342770b4177c25f0cc9",""
"id-30117974dfbe2b423c488f56a4ded966","SpecializationRelationship","","","id-6990f2d01b1ed8437f019cba4b3bff01","id-882f0ccb56ed04d4f4ef6af9dcbd941d",""
"id-b7446839429ec345f178a3d1fc9ffa28","SpecializationRelationship","","","id-e0215bbcf9117e07e760ec11c41a8f1e","id-afcc946d945cb971985c2ff7666437ec",""
"id-a8b11fcfeb74dee7c50c5fbc1475b658","SpecializationRelationship","","","id-89e9e5def26d17beefa079b60895ae3b","id-e42f91bf9e67a068d4d0a5c201cc5316",""
"id-98318d70f4e8f15278fcf6c911c7c78e","SpecializationRelationship","","","id-2c77772282c18990ae4901be48f91401","id-e42f91bf9e67a068d4d0a5c201cc5316",""
"id-11041b08120904dcf8ed8e652e75dd93","SpecializationRelationship","","","id-d25e0013559980559fceeaf5e4a250eb","id-6d5fa924e13a21b7b8693efc69c8ff50",""
"id-e2b7eb8798e3ca66336849e975febbbb","SpecializationRelationship","","","id-8ea8cdbb54d70be32ba0cf8029036e47","id-afcc946d945cb971985c2ff7666437ec",""
"id-7a9b8ff5120c624de0da87400b97e0e0","SpecializationRelationship","","","id-14f13b57d92d3a19b6fc921ba04c6509","id-882f0ccb56ed04d4f4ef6af9dcbd941d",""
"id-e1e7c8ce2fde0611cacc97cb66ddad3b","SpecializationRelationship","","","id-3fb8c7c630798282caf446e2218b1f51","id-dce12943b414197c59b69ef01644c447",""
"id-611fa7bca55e4790b84644a9ac4e2da7","SpecializationRelationship","","","id-088678c474ce4d56907d3a6f24b46c3b","id-ac26e1a336724cf5a9e966c1776e75ef",""
"id-49e6ff525d349f11a29e63e3d0ececa7","SpecializationRelationship","","","id-9f6e7f2ecff830bbf7d7c60692b6e802","id-afbe1838ddbb3030f3e8963011c5b34a",""
"id-8c395a67e0800ec7812cfd54f200e9d2","SpecializationRelationship","","","id-c2f61f9d18602265318b897fbab96154","id-b08216d5809ce6dc5d1e88b1932df437",""
"id-1dadde8cde471b9c5d89ddeb370f43ac","SpecializationRelationship","","","id-98066ae45d24dec8cba0183885fe9224","id-41274b3774979a21add107a160c6e5f7",""
"id-b1459e2e915e0e2e2ce9f22636a0c45d","SpecializationRelationship","","","id-d5cacfcc7ccc388e881544a6e99bbab6","id-da6aa2989090934a13c1d449ee2d7929",""
"id-708c94d331e334c915ba97bb2b4c4f1e","SpecializationRelationship","","","id-26118fde5267c80fb87e5ac84212c2c9","id-b2df83979b0b941e2612d73ca5cf302a",""
"id-062caeddc27c346427eab2a9b4dfbebc","SpecializationRelationship","","","id-dacfa57d76e5aee96c0c510432266b05","id-f300fdd786fd751c07df659aa4d95472",""
"id-d6bdef200251b5a0e12b828449af7429","SpecializationRelationship","","","id-2e4234c2fcc7f2ccd90a2f283120577c","id-801d780a2bf8b003bff305853c7bf9fe",""
"id-dd67bde762bf9ce1f0cbad6ace079756","SpecializationRelationship","","","id-f987b0b1be89a2b899bb12774892c5c6","id-d7f7fa06d5f4cae1bf6e570a52182704",""
"id-1acd226d9016e7e9925a46d02e66b337","SpecializationRelationship","","","id-b26a8c64891185238533e3b131df0ac4","id-2e5b0e9bb32d1573658ad8e87361c782",""
"id-b27b3de597cd4ded69eedff5975701bc","SpecializationRelationship","","","id-1c9623fa27ad18cc249edacda4cb1f51","id-fbada262e89d52ac2f6229a725118576",""
"id-4587791537d0bc1a01c7e1dd7af5a50b","SpecializationRelationship","","","id-4831898fc956ed3260d93b832a265c2d","id-72fdc54abacd9b5662ba5391402a015e",""
"id-2a67ede5ccbc1783a4df9eaf4cb80646","SpecializationRelationship","","","id-e04ac4072b06bbf9c7ec4eeb0d49f786","id-882f0ccb56ed04d4f4ef6af9dcbd941d",""
"id-3885b705f38350460904e2d1fbb987a0","SpecializationRelationship","","","id-f521e77d5006f85a05218b4eab913438","id-2e5b0e9bb32d1573658ad8e87361c782",""
"id-656badb7501799620c752dcee76fcbd8","SpecializationRelationship","","","id-4aafef13fed69f259fd6d57b9fd56086","id-801d780a2bf8b003bff305853c7bf9fe",""
"id-993b59d88ea43e3f9b088b6b977028eb","SpecializationRelationship","","","id-9601cb23a2625d251af5b60ece352263","id-2598c7872c8ee403b0a552d6c3f678fb",""
"id-660ef6c9b84482dccf67375e1acc92dc","SpecializationRelationship","","","id-9a4a7fea2a4d8590f073c6bf6de59fde","id-21ca90c4d1f5f7e9f9b6b1d1c12b7ed4",""
"id-0bd67ca5c385e349bed27043613d2ecf","SpecializationRelationship","","","id-ef78cb23d9f3dce5e6ec03b69bfaf2b2","id-882f0ccb56ed04d4f4ef6af9dcbd941d",""
"id-6144ab49f76de959df70a270bfbacd9f","SpecializationRelationship","","","id-1087cbfb6e99ffe7f6101f0284e376da","id-4f13f8885040a5dbbe5c3cad8bd732a7",""
"id-880229cc6603a3853bdb20e386313091","SpecializationRelationship","","","id-67fe71bea48e705cf3e096f93c39fdc0","id-dcebacf8dc1f899fbf9a60fa1d774172",""
"id-51a466bd7b9f20af4b810bec632050df","SpecializationRelationship","","","id-db678359f2c5e98b13d2f571bc483b6c","id-d7f7fa06d5f4cae1bf6e570a52182704",""
"id-a6819ecec690da967508a035b6ad86f1","SpecializationRelationship","","","id-89e9e5def26d17beefa079b60895ae3b","id-5654c774c339b1dce84e678b0afdf598",""
"id-8a01d1ecc9fc248d58e8aff21b284545","SpecializationRelationship","","","id-eba41a1b8494a39f73f26cca5b8cf5aa","id-d7f7fa06d5f4cae1bf6e570a52182704",""
"id-9e09ed36b9737d17d660a97456844025","SpecializationRelationship","","","id-6798a58e82697a263d9e1419fdbe1452","id-dce12943b414197c59b69ef01644c447",""
"id-be6e6a8e92fa3b51bee24088606785b6","SpecializationRelationship","","","id-b8b81b18212ddd02afecfe10c2b1f773","id-afbe1838ddbb3030f3e8963011c5b34a",""
"id-8635fdba45e1522f428bf0ea77701234","SpecializationRelationship","","","id-21f43fc6889bad9da583e70061df97af","id-292eb8448476fa0d7475f69709ba3d2c",""
"id-a7b64e668db97f73d84a0ce4d9824af5","SpecializationRelationship","","","id-d6b65b408f8216c64e8bada35427839c","id-21ca90c4d1f5f7e9f9b6b1d1c12b7ed4",""
"id-c278964695f4fa3fab367c6d39fdfee1","SpecializationRelationship","","","id-3cb4a812852b53c3ab147eb06f4a8467","id-fbada262e89d52ac2f6229a725118576",""
"id-0bd42d6a24a2c7ee00c479d8e1f9e669","SpecializationRelationship","","","id-ded7035e7e58e8588ae2e9bb623c9475","id-d7f7fa06d5f4cae1bf6e570a52182704",""
"id-280a3d2603e8ddf83ee4385dd7412ec1","SpecializationRelationship","","","id-644d962d41c5f38f32d40fef26076a14","id-0ba1736962b256a12444f8c129222859",""
"id-7f8b1a978354f13e31d25042764b0ddf","SpecializationRelationship","","","id-5fc853426868c2289543318e1421a18b","id-dce12943b414197c59b69ef01644c447",""
"id-56cf5621455757478b7f90832addaf0d","SpecializationRelationship","","","id-ae41adcd4f93c8f5d4aa5e4a5b6917e6","id-4f13f8885040a5dbbe5c3cad8bd732a7",""
"id-05e995fef0e09c7ba74a634231559164","SpecializationRelationship","","","id-4ba8565acb67c593914087cff1dc1626","id-afcc946d945cb971985c2ff7666437ec",""
"id-3037407f8f7642457b3a93ae4ac5a667","SpecializationRelationship","","","id-41274b3774979a21add107a160c6e5f7","id-89e9e5def26d17beefa079b60895ae3b",""
"id-77ac1643ceed95e0bdf03e231b547263","SpecializationRelationship","","","id-c91e62747015a43241e5b1d615a0cd66","id-b08216d5809ce6dc5d1e88b1932df437",""
"id-bc6d2bfbe181a7147b9cf3d336f07c52","SpecializationRelationship","","","id-3fb18b103889242318ac2183a883061a","id-dcebacf8dc1f899fbf9a60fa1d774172",""
"id-ea5f9c687f3f080424c010729cecd6b6","SpecializationRelationship","","","id-0a67289a39e47bb32f5c21e45405b2c5","id-1974e1d55a4b79fe545c5bac251303c0",""
"id-0006510a16396ee8111b85f497b99dfd","SpecializationRelationship","","","id-a86e2c22d69c5342770b4177c25f0cc9","id-4f13f8885040a5dbbe5c3cad8bd732a7",""
"id-cab42deec1c157dc8b57d2c735510970","SpecializationRelationship","","","id-1db6d0411c4c766df019c14ae93a2027","id-dce12943b414197c59b69ef01644c447",""
"id-a89defc2af26e3bbd18817056fc87276","SpecializationRelationship","","","id-dcebacf8dc1f899fbf9a60fa1d774172","id-72fdc54abacd9b5662ba5391402a015e",""
"id-4137d502b162029998dd4bffb7a7c93e","SpecializationRelationship","","","id-6f80fe5ef3299a9b344cac17c50ba0dd","id-12f2bdf2ecce40345ec427e4d47b4264",""
"id-1e2387fb86c68dd47c02fb50bbef9dda","SpecializationRelationship","","","id-95b8467eba8eeaa35b7503013e44a1da","id-dce12943b414197c59b69ef01644c447",""
"id-c47f015421dcc3ff699020266a9233e4","SpecializationRelationship","","","id-dce12943b414197c59b69ef01644c447","id-afbe1838ddbb3030f3e8963011c5b34a",""
"id-74202d11279846ce441f958c2c148d45","SpecializationRelationship","","","id-c42001adc1d6b6e2aee8b96ac3563664","id-dce12943b414197c59b69ef01644c447",""
"id-802c771c1fe698acf6d20071c49c85ea","SpecializationRelationship","","","id-0c10c5a255137fd6d70dfd4c22679259","id-fbada262e89d52ac2f6229a725118576",""
"id-22b19100b3bc433388f201728672a3d5","SpecializationRelationship","","","id-6b86182a19d540bb84791b71a25e2574","id-ac26e1a336724cf5a9e966c1776e75ef",""
"id-2e8f0499daa0b04d0952ac75174fcc85","SpecializationRelationship","","","id-283c3b0e01e1e74cf8ce954fcc8b0775","id-3b518de389d2b8aa422e59d1990e3617",""
"id-7b00cd2ff8e6ab532990efae91e85db6","SpecializationRelationship","","","id-3fcdd8d828aff05b85de1aed0bce4dd9","id-98066ae45d24dec8cba0183885fe9224",""
"id-33fb7a73cea50bc7072387b036946714","SpecializationRelationship","","","id-82df9c694af25afea4fadd58712603bc","id-dcebacf8dc1f899fbf9a60fa1d774172",""